/////////////////////////////////////////////////////////////////////////////////
// This File contains OpenGL Profiling Data information
// Project name: Demo
// Generation date: Wednesday_09_May_2018
// Generation time: 12:18:48
//
// Generated by gDEBugger - an OpenGL Debugger and Profiler
// www.gremedy.com
/////////////////////////////////////////////////////////////////////////////////

Time (sec),CPUs Average Utilization,Frames/sec: GL Context 2,Kernel Commands Utilization: CL Context 1 Queue 0,Write Commands Utilization: CL Context 1 Queue 0,Copy Commands Utilization: CL Context 1 Queue 0,Read Commands Utilization: CL Context 1 Queue 0,Other Commands Utilization: CL Context 1 Queue 0,Queue Busy: CL Context 1 Queue 0,Queue Idle: CL Context 1 Queue 0,Work items/sec: CL Context 1 Queue 0,Read bytes/sec: CL Context 1 Queue 0,Write bytes/sec: CL Context 1 Queue 0,Copy bytes/sec: CL Context 1 Queue 0
0.00,0,1,6,0,0,0,0,1,99,192613,3851900,1926666,1069773
0.20,0,1,20,0,0,0,0,1,99,192613,3851900,1926666,1069773
0.40,0,1,19,0,0,0,0,1,99,192613,3851900,1926666,1069773
0.60,0,1,17,0,0,0,0,1,99,192613,3851900,1926666,1069773
0.80,0,1,12,0,0,0,0,1,99,192613,3851900,1926666,1069773
1.00,0,1,10,0,0,0,0,1,99,192613,3851900,1926666,1069773
1.20,0,1,50,0,0,0,0,1,99,192613,3851900,1926666,1069773
1.40,0,1,0,0,0,0,0,1,99,192613,3851900,1926666,1069773
1.60,0,1,0,0,0,0,0,1,99,192613,3851900,1926666,1069773
1.80,0,1,23,0,0,0,0,1,99,192613,3851900,1926666,1069773
2.00,0,1,0,0,0,0,0,1,99,192613,3851900,1926666,1069773
2.20,0,1,12,0,0,0,0,1,99,192613,3851900,1926666,1069773
2.40,0,1,6,0,0,0,0,1,99,192613,3851900,1926666,1069773
2.60,0,1,18,0,0,0,0,1,99,192613,3851900,1926666,1069773
2.80,0,0,15,0,0,0,0,0,0,0,0,0,0
3.00,0,0,6,0,0,0,0,0,0,0,0,0,0
3.20,0,0,16,0,0,0,0,0,100,0,0,0,0
3.40,8,1,21,0,0,0,0,2,98,423747,4347859,2391707,1304236
3.60,48,1,64,0,0,0,0,2,98,766058,7860137,3930799,2068265
3.80,45,2,0,0,0,0,0,2,98,825254,8467516,4234546,2005278
4.00,49,2,11,0,0,0,0,2,98,780676,8010125,4005807,2107732
4.20,46,1,6,0,0,0,0,2,98,705522,7239007,3620177,1916030
4.40,45,1,45,0,0,0,0,1,99,770076,7693453,3951417,1871202
4.60,48,1,0,0,0,0,0,1,99,740597,8007324,4004407,2107005
4.80,43,2,43,0,0,0,0,2,98,704243,7025748,3407067,1915930
5.00,46,2,16,0,0,0,0,2,98,732563,7515858,3758628,2087544
5.20,41,2,9,0,0,0,0,2,98,638575,6551365,3276292,1746868
5.40,47,1,22,0,0,0,0,2,98,818026,8392200,4196880,2097855
5.60,45,2,7,0,0,0,0,2,98,716215,7348211,3674789,1728830
5.80,45,1,31,0,0,0,0,1,99,733168,7313174,3761760,1880355
6.00,46,1,28,0,0,0,0,2,98,666881,7055304,3421390,2137772
6.20,44,2,27,0,0,0,0,2,98,766090,7859228,3930345,1861223
6.40,47,1,27,0,0,0,0,2,98,754734,7741742,3871591,1935256
6.60,47,1,26,0,0,0,0,2,98,719974,7386719,3694046,2172362
6.80,42,1,27,0,0,0,0,2,98,725847,7445185,3723285,1861123
7.00,48,2,31,0,0,0,0,2,98,784868,8051212,4026355,1906689
7.20,43,1,23,0,0,0,0,2,98,712908,7097159,3656792,1935409
7.40,45,2,28,0,0,0,0,2,98,747562,7877572,3833045,1915988
7.60,43,2,29,0,0,0,0,2,98,747562,7877572,3833045,1915988
7.80,43,2,27,0,0,0,0,2,98,1433735,14703614,7353175,3891771
8.00,46,1,28,0,0,0,0,2,98,751275,7701264,3851348,1925137
8.20,48,1,29,0,0,0,0,2,98,793410,8132361,4066937,1925906
8.40,47,1,29,0,0,0,0,2,98,793410,8132361,4066937,1925906
8.60,41,1,29,0,0,0,0,2,98,1393756,14492663,7355844,3893195
8.80,46,1,19,0,0,0,0,1,99,776127,7756092,3983550,1886437
9.00,47,2,20,0,0,0,0,2,98,788437,8092088,3833867,2129299
9.20,45,1,28,0,0,0,0,2,98,685823,7030077,3515692,1860730
9.40,44,2,37,0,0,0,0,2,98,664590,6813589,3407428,1916144
9.60,44,2,7,0,0,0,0,2,98,724526,7205644,3712689,1964993
9.80,45,1,31,0,0,0,0,2,98,722344,7614003,3704798,1851883
10.00,45,1,29,0,0,0,0,2,98,716933,7348665,3675016,1945054
10.20,40,1,3,0,0,0,0,2,98,617049,6325192,3163184,1686561
10.40,44,1,45,0,0,0,0,2,98,740236,7589706,3795559,1897250
10.60,42,1,0,0,0,0,0,2,98,692998,6890998,3550558,1879183
10.80,45,1,7,0,0,0,0,1,99,729053,7900036,3950753,1974835
11.00,43,1,16,0,0,0,0,1,99,729053,7900036,3950753,1974835
11.20,44,1,47,0,0,0,0,2,98,1556106,15744319,7762738,3991141
11.40,46,2,0,0,0,0,0,2,98,770826,7894392,3947930,1869551
11.60,45,2,62,0,0,0,0,2,98,702594,7202343,3601841,1906325
11.80,45,1,12,0,0,0,0,1,99,707180,7450018,3832101,1915546
12.00,44,2,24,0,0,0,0,2,98,664500,6602639,3195470,1916711
12.20,46,1,0,0,0,0,0,2,98,756702,7742185,3871812,1935366
12.40,48,2,11,0,0,0,0,2,98,771215,7895745,3948607,2077635
12.60,43,2,18,0,0,0,0,2,98,675235,6916075,3458681,1944965
12.80,39,1,56,0,0,0,0,2,98,624193,6392027,3196608,1704382
13.00,52,1,1,0,0,0,0,2,98,858096,8971356,4590840,2086172
13.20,49,2,9,0,0,0,0,2,98,806130,8066649,3930647,2274992
13.40,43,2,55,0,0,0,0,2,98,716653,7346208,3673787,1728359
13.60,42,2,24,0,0,0,0,2,98,664675,6815370,3408319,1916645
13.80,42,1,0,0,0,0,0,1,99,694018,7103325,3761225,1671215
14.00,47,2,30,0,0,0,0,2,98,799264,8169611,3870596,2149698
14.20,46,1,27,0,0,0,0,2,98,789027,8051887,4238564,1906848
14.40,44,2,26,0,0,0,0,2,98,661400,6776943,3177342,1905838
14.60,45,1,28,0,0,0,0,1,99,736449,7726020,3968164,1879132
14.80,46,2,27,0,0,0,0,2,98,783114,7797760,3794201,2107302
15.00,41,2,26,0,0,0,0,2,98,733505,7503856,3752626,1765449
15.20,48,3,28,0,0,0,0,3,97,695389,7096048,3548684,2086879
15.40,45,1,31,0,0,0,0,1,99,754046,7704005,4066699,1925822
15.60,49,2,26,0,0,0,0,2,98,858935,8768875,4176490,2087633
15.80,48,1,28,0,0,0,0,1,99,755271,7701634,4065448,2139144
16.00,43,1,21,0,0,0,0,1,99,755271,7701634,4065448,2139144
16.20,45,2,30,0,0,0,0,2,98,1416075,14481956,7035459,3723585
16.40,40,1,27,0,0,0,0,2,98,707609,7237421,3619384,1702764
16.60,49,1,28,0,0,0,0,2,98,723133,7386073,3693723,2172172
16.80,41,1,30,0,0,0,0,1,99,690679,7063073,3532194,1661745
17.00,44,2,4,0,0,0,0,2,98,672384,6848854,3425064,1926061
17.20,45,2,21,0,0,0,0,2,98,771518,7856624,3929043,1860606
17.40,47,1,27,0,0,0,0,1,99,719414,7528009,3872258,1935599
17.60,42,1,17,0,0,0,0,2,98,700355,6956451,3373462,1897032
17.80,45,1,9,0,0,0,0,2,98,658134,6715037,3358143,1888429
18.00,46,1,22,0,0,0,0,2,98,764201,7777387,3889417,2160184
18.20,47,2,48,0,0,0,0,2,98,766863,7826031,3913743,1956326
18.40,41,1,27,0,0,0,0,2,98,692027,7061503,3531408,1661376
18.60,40,1,0,0,0,0,0,1,99,628864,6423594,3426494,1712799
18.80,44,2,4,0,0,0,0,2,98,740984,7585923,3582966,1896304
19.00,47,2,15,0,0,0,0,2,98,745542,7798640,4005442,2107550
19.20,41,1,19,0,0,0,0,2,98,718860,7133116,3459134,1729075
19.40,44,1,6,0,0,0,0,2,98,697034,7309166,3759689,1879330
19.60,46,2,25,0,0,0,0,2,98,674788,6698774,3241955,1944619
19.80,46,1,24,0,0,0,0,2,98,757103,7709686,3855560,2028676
20.00,48,1,19,0,0,0,0,2,98,768885,7819344,3910399,2171838
20.20,42,1,48,0,0,0,0,2,98,703610,7168788,3585061,1686617
20.40,42,2,0,0,0,0,0,2,98,669200,6816478,3408873,1916956
20.60,51,2,29,0,0,0,0,2,98,858445,8722465,4362044,2076584
20.80,43,1,25,0,0,0,0,1,99,649388,6620033,3531280,1765178
21.00,43,2,8,0,0,0,0,2,98,738397,7341367,3566519,1887600
21.20,45,2,19,0,0,0,0,2,98,649940,6855880,3324691,2077352
21.40,47,2,49,0,0,0,0,2,98,762920,7781479,3891463,1945189
21.60,41,1,0,0,0,0,0,2,98,721663,7348113,3890841,1728807
21.80,48,1,28,0,0,0,0,2,98,757601,7748700,3671176,2038942
22.00,45,2,27,0,0,0,0,2,98,720908,7128672,3673019,1943997
22.20,45,1,35,0,0,0,0,2,98,746383,7805695,3798081,1898511
22.40,51,2,22,0,0,0,0,2,98,890746,9031874,4516777,2365271
22.60,44,2,35,0,0,0,0,2,98,737996,7482215,3741803,1870380
22.80,41,2,31,0,0,0,0,2,98,688820,6984120,3710943,1745868
23.00,47,2,29,0,0,0,0,2,98,835600,8473761,4025844,2118243
23.20,47,2,25,0,0,0,0,2,98,794304,8051293,4026395,1906708
23.40,48,2,27,0,0,0,0,2,98,779168,7934580,3968028,2087853
23.60,47,2,33,0,0,0,0,2,98,728030,7383646,3692509,1954313
23.80,52,2,24,0,0,0,0,2,98,877835,8942368,4472016,2341831
24.00,49,1,27,0,0,0,0,2,98,834392,8646783,4429654,2108780
24.20,46,2,27,0,0,0,0,2,98,798293,7881344,3834891,1916901
24.40,47,2,30,0,0,0,0,2,98,685859,6992560,3496930,2056444
24.60,45,2,26,0,0,0,0,2,98,803122,8131851,4066682,1925786
24.80,48,2,51,0,0,0,0,2,98,764895,7740494,3870967,2149937
25.00,45,2,24,0,0,0,0,2,98,776399,7894381,3947925,1869548
25.20,46,2,7,0,0,0,0,2,98,674421,6848424,3424849,1925940
25.40,43,1,4,0,0,0,0,2,98,706706,7168365,3584849,1897332
25.60,41,1,44,0,0,0,0,2,98,715189,7240058,3620703,1703385
25.80,43,1,27,0,0,0,0,2,98,698785,7098957,3550139,1878961
26.00,44,2,3,0,0,0,0,2,98,683507,6950939,3476116,1954770
26.20,32,1,2,0,0,0,0,2,98,542355,5535479,2768254,1277299
26.40,46,2,44,0,0,0,0,2,98,774421,7935281,3968378,2088038
26.60,47,2,20,0,0,0,0,2,98,763254,7601608,3910115,1954512
26.80,44,1,23,0,0,0,0,2,98,663184,6996148,3392712,1907868
27.00,44,2,0,0,0,0,0,2,98,699175,7163978,3582655,1896171
27.20,47,1,16,0,0,0,0,1,99,767584,7824903,4119078,2058993
27.40,44,1,10,0,0,0,0,1,99,758209,7738021,3869730,1934325
27.60,44,2,13,0,0,0,0,2,98,768297,7819534,3704736,1851823
27.80,50,1,20,0,0,0,0,2,98,759435,7745478,3873460,2151322
28.00,48,1,57,0,0,0,0,2,98,780004,7895611,3948540,1973719
28.20,45,2,21,0,0,0,0,2,98,728008,7408552,3704965,2057740
28.40,40,1,0,0,0,0,0,2,98,675077,6880358,3440819,1719930
28.60,42,1,9,0,0,0,0,1,99,677594,6883638,3442459,1720749
28.80,45,2,59,0,0,0,0,2,98,763165,7820291,3910873,2057780
29.00,46,2,0,0,0,0,0,2,98,775344,7899663,3950566,1974732
29.20,48,1,18,0,0,0,0,1,99,808227,8191441,4301249,2047670
29.40,44,1,23,0,0,0,0,2,98,731790,7467507,3514836,1976509
29.60,46,1,17,0,0,0,0,1,99,750896,7838628,4025941,1906521
29.80,43,2,18,0,0,0,0,2,98,709679,7023067,3405807,1702399
30.00,49,2,32,0,0,0,0,2,98,817639,8267497,4134517,2273350
30.20,43,2,32,0,0,0,0,2,98,817639,8267497,4134517,2273350
30.40,42,2,30,0,0,0,0,2,98,1425540,14550948,7276827,3637399
30.60,44,1,27,0,0,0,0,2,98,702304,7202093,3601716,1906259
30.80,41,1,27,0,0,0,0,2,98,721812,7383514,3692444,1737136
31.00,46,1,28,0,0,0,0,1,99,742026,7380886,3796590,1897766
31.20,39,2,31,0,0,0,0,2,98,561003,5939782,2868014,1638408
31.40,47,1,24,0,0,0,0,1,99,759900,7780149,4106893,2160951
31.60,43,1,25,0,0,0,0,2,98,733861,7516478,3550167,1878945
31.80,48,1,29,0,0,0,0,1,99,816322,8258032,4347080,1955668
32.00,51,2,29,0,0,0,0,2,98,817406,8269618,3928857,2273933
32.20,45,2,28,0,0,0,0,2,98,785326,7940134,3970805,1984849
32.40,41,2,31,0,0,0,0,2,98,651187,6618250,3309741,1447608
32.60,41,2,25,0,0,0,0,2,98,697518,7134452,3567889,2098173
32.80,48,2,28,0,0,0,0,2,98,727522,7460235,3730811,1974584
33.00,43,2,24,0,0,0,0,2,98,761873,7742876,3872158,1833669
33.20,45,1,26,0,0,0,0,2,98,701514,7130269,3565798,2005202
33.40,41,1,41,0,0,0,0,1,99,696209,7032139,3723532,1654467
33.60,45,1,0,0,0,0,0,1,99,696209,7032139,3723532,1654467
33.80,40,1,9,0,0,0,0,2,98,1381231,14060154,6824637,3721459
34.00,45,1,38,0,0,0,0,2,98,749333,7589957,3795685,1897313
34.20,44,2,0,0,0,0,0,2,98,765358,7781846,3891647,1945281
34.40,43,2,39,0,0,0,0,2,98,709136,7171086,3586210,1687158
34.60,46,2,17,0,0,0,0,2,98,695890,7060574,3530943,2076446
34.80,41,1,11,0,0,0,0,2,98,716369,7243476,3622412,1704189
35.00,48,2,19,0,0,0,0,2,98,802584,8168857,4085188,2149499
35.20,47,2,23,0,0,0,0,2,98,701997,7097856,3549588,1878669
35.40,43,2,32,0,0,0,0,2,98,723385,7350854,3676110,1945633
35.60,48,1,14,0,0,0,0,1,99,811318,7994297,4105943,1944378
35.80,45,1,0,0,0,0,0,2,98,706059,7417926,3603663,2119210
36.00,46,2,61,0,0,0,0,2,98,791780,8006696,4004093,1896146
36.20,44,2,10,0,0,0,0,2,98,702306,6925476,3568323,1888585
36.40,48,2,0,0,0,0,0,2,98,800220,8303680,4046145,2128956
36.60,43,2,29,0,0,0,0,2,98,738363,7517591,3759495,1879223
36.80,46,1,0,0,0,0,0,1,99,735750,7643694,3931764,1746972
37.00,46,2,35,0,0,0,0,2,98,720925,7165199,3480897,2047004
37.20,43,1,9,0,0,0,0,1,99,721831,7314176,3872871,1935925
37.40,44,2,24,0,0,0,0,2,98,755301,7701837,3637714,1925280
37.60,42,2,16,0,0,0,0,2,98,706137,7167572,3584453,1686331
37.80,44,2,11,0,0,0,0,2,98,706137,7167572,3584453,1686331
38.00,48,2,29,0,0,0,0,2,98,1485729,15054447,7528624,4085827
38.20,41,2,29,0,0,0,0,2,98,733117,7267989,3738508,1661096
38.40,50,2,26,0,0,0,0,2,98,760865,7960599,3873454,2151319
38.60,45,2,29,0,0,0,0,2,98,749472,7629293,3815356,1907146
38.80,41,1,25,0,0,0,0,2,98,634528,6481605,3241405,1728267
39.00,44,2,29,0,0,0,0,2,98,724472,7376984,3689178,2048972
39.20,45,1,26,0,0,0,0,2,98,740815,7532895,3767148,1772281
39.40,45,2,27,0,0,0,0,2,98,687550,7026996,3514152,2066571
39.60,41,2,32,0,0,0,0,2,98,711287,7208735,3605038,1696015
39.80,45,2,24,0,0,0,0,2,98,785265,7937767,3969622,2088692
40.00,51,1,28,0,0,0,0,1,99,811757,8205609,4319485,1943253
40.20,44,1,26,0,0,0,0,1,99,731546,7605904,3695034,1955627
40.40,43,1,31,0,0,0,0,2,98,779876,7896528,3948960,1870057
40.60,47,1,30,0,0,0,0,1,99,754439,7415449,3814359,2118497
40.80,46,2,25,0,0,0,0,2,98,814989,8258301,3912615,1955731
41.00,44,1,40,0,0,0,0,2,98,695594,7061733,3531523,1869109
41.20,45,1,37,0,0,0,0,2,98,650570,6618092,3309661,1861165
41.40,39,2,24,0,0,0,0,2,98,683820,6912805,3457046,1728041
41.60,50,2,0,0,0,0,0,2,98,799505,8095779,4048642,2130270
41.80,41,1,23,0,0,0,0,1,99,637360,6512802,3257007,1736586
42.00,45,1,33,0,0,0,0,1,99,637360,6512802,3257007,1736586
42.20,45,1,26,0,0,0,0,2,98,1494879,15126841,7564827,4105475
42.40,40,1,0,0,0,0,0,2,98,697275,6853919,3531453,1661397
42.60,45,1,64,0,0,0,0,2,98,736022,7727197,3759886,1879418
42.80,45,2,0,0,0,0,0,2,98,753230,7456680,3835567,1917249
43.00,43,1,37,0,0,0,0,1,99,617480,6499278,3355041,1886717
43.20,47,1,40,0,0,0,0,2,98,769124,7782672,3675894,2161652
43.40,47,2,0,0,0,0,0,2,98,815594,8252102,4126818,1954263
43.60,44,1,41,0,0,0,0,2,98,704613,6960152,3586200,1898047
43.80,43,1,38,0,0,0,0,1,99,712078,7415804,3602632,1906744
44.00,44,2,0,0,0,0,0,2,98,750816,7588790,3795101,1897021
44.20,42,1,32,0,0,0,0,2,98,692510,6999224,3500263,1646723
44.40,45,1,0,0,0,0,0,2,98,765754,7783670,3892559,2161929
44.60,34,1,20,0,0,0,0,2,98,765754,7783670,3892559,2161929
44.80,45,1,21,0,0,0,0,1,99,1304703,13537414,6880949,3328563
45.00,48,1,23,0,0,0,0,2,98,782980,7831193,3810478,2116342
45.20,39,2,24,0,0,0,0,2,98,680249,6964641,3482968,1638587
45.40,44,1,13,0,0,0,0,2,98,712314,7280498,3640926,1927011
45.60,41,2,17,0,0,0,0,2,98,626111,6384514,3192851,1702379
45.80,45,2,44,0,0,0,0,2,98,743736,7627717,3814568,2118613
46.00,50,1,0,0,0,0,0,2,98,836314,8731818,4473217,2129518
46.20,43,1,27,0,0,0,0,2,98,700114,6957951,3374189,1686614
46.40,42,2,30,0,0,0,0,2,98,665689,6809694,3405480,1915048
46.60,48,2,29,0,0,0,0,2,98,830084,8438769,4220169,2109496
46.80,52,2,25,0,0,0,0,2,98,871218,8805839,4403739,2096433
47.00,45,2,29,0,0,0,0,2,98,716715,7275602,3638477,1925715
47.20,47,2,28,0,0,0,0,2,98,731037,7389849,3695612,1955955
47.40,46,2,27,0,0,0,0,2,98,780904,7894661,3948064,2077349
47.60,43,2,29,0,0,0,0,2,98,755820,7665488,3833457,1916194
47.80,43,1,28,0,0,0,0,2,98,715263,7311002,3656181,1720076
48.00,47,1,26,0,0,0,0,1,99,713187,7202239,3813600,2118109
48.20,45,2,23,0,0,0,0,2,98,776698,7857189,3722576,1860740
48.40,44,2,30,0,0,0,0,2,98,718965,7311377,3656369,1935185
48.60,45,2,31,0,0,0,0,2,98,726326,7385723,3693548,1954863
48.80,44,1,27,0,0,0,0,1,99,685641,6965760,3688384,1843706
49.00,50,2,31,0,0,0,0,2,98,868573,8779938,4171308,2194780
49.20,49,2,49,0,0,0,0,2,98,764326,7779122,3890284,2046947
49.40,45,2,10,0,0,0,0,2,98,718928,7310649,3656004,1934992
49.60,48,2,4,0,0,0,0,2,98,742463,7516874,3759136,2087826
49.80,46,1,55,0,0,0,0,1,99,770189,7994607,4106052,1944458
50.00,44,1,0,0,0,0,0,1,99,713750,7063303,3639338,1926171
50.20,45,1,23,0,0,0,0,1,99,699892,7345688,3568617,1888720
50.40,45,1,7,0,0,0,0,2,98,710134,7058420,3422911,1924839
50.60,42,1,22,0,0,0,0,2,98,668501,6813391,3407329,1916088
50.80,44,2,25,0,0,0,0,2,98,777395,7858408,3929935,1861029
51.00,53,2,0,0,0,0,0,2,98,855202,8644674,4323141,2377064
51.20,42,1,50,0,0,0,0,2,98,705521,7168231,3795593,1686486
51.40,44,2,13,0,0,0,0,2,98,665388,6781810,3179624,1907207
51.60,46,2,0,0,0,0,0,2,98,739796,7477606,3739498,2076920
51.80,44,1,41,0,0,0,0,2,98,741973,7539067,3770235,1773733
52.00,45,1,28,0,0,0,0,2,98,726504,7373430,3687401,2047984
52.20,38,1,0,0,0,0,0,1,99,663388,6780007,3390634,1694844
52.40,49,2,54,0,0,0,0,2,98,808364,8171815,4086668,1935250
52.60,43,1,0,0,0,0,0,2,98,722663,7133085,3675303,1945206
52.80,47,2,8,0,0,0,0,2,98,749882,7873355,3830993,1914962
53.00,42,1,35,0,0,0,0,2,98,682600,6935544,3468417,1835709
53.20,48,2,6,0,0,0,0,2,98,789481,7979695,3990590,1994738
53.40,48,2,41,0,0,0,0,2,98,777299,7857145,3929303,2067477
53.60,41,1,21,0,0,0,0,1,99,715680,7491439,3853447,1712174
53.80,41,1,0,0,0,0,0,1,99,715680,7491439,3853447,1712174
54.00,42,1,22,0,0,0,0,1,99,1327443,13348275,6781288,3601575
54.20,44,1,25,0,0,0,0,2,98,730655,7385275,3476130,1954744
54.40,42,1,26,0,0,0,0,2,98,733806,7654049,3931179,1861627
54.60,45,2,25,0,0,0,0,2,98,798696,7873455,3831052,1914982
54.80,43,1,29,0,0,0,0,2,98,680421,6921858,3461573,1730304
55.00,47,2,29,0,0,0,0,2,98,838506,8475707,4238642,2118730
55.20,45,2,26,0,0,0,0,2,98,750218,7583286,3792348,1895645
55.40,47,2,25,0,0,0,0,2,98,743680,7517495,3759447,2087999
55.60,43,2,32,0,0,0,0,2,98,693584,7065165,3533239,1870017
55.80,45,1,28,0,0,0,0,2,98,769734,7780309,3890878,1944896
56.00,43,1,28,0,0,0,0,1,99,718068,7277513,3853458,1712197
56.20,46,1,28,0,0,0,0,1,99,739140,7551867,3776636,2097546
56.40,44,1,30,0,0,0,0,2,98,715608,7240290,3407888,1916369
56.60,50,2,29,0,0,0,0,2,98,842397,8515935,4258760,2128786
56.80,49,2,31,0,0,0,0,2,98,834388,8434923,4218246,2108535
57.00,43,2,27,0,0,0,0,2,98,718302,7310788,3656074,1720025
57.20,45,1,13,0,0,0,0,2,98,660437,6711763,3356506,1887508
57.40,39,1,67,0,0,0,0,1,99,765422,7526970,3871733,1720290
57.60,45,2,6,0,0,0,0,2,98,711910,7451530,3619988,2128811
57.80,50,2,0,0,0,0,0,2,98,830624,8395142,4198352,2098590
58.00,44,2,26,0,0,0,0,2,98,692790,7063073,3532194,1869463
58.20,44,1,7,0,0,0,0,1,99,727840,7350063,3891873,1729266
58.40,48,2,13,0,0,0,0,2,98,790860,8049584,3813729,2118115
58.60,44,1,23,0,0,0,0,2,98,699205,7097401,3549361,1878549
58.80,48,1,19,0,0,0,0,1,99,669535,6817162,3409215,1917148
59.00,44,2,56,0,0,0,0,2,98,816505,8252530,4127032,2171516
59.20,46,2,0,0,0,0,0,2,98,762069,7702477,3851955,1925440
59.40,41,1,6,0,0,0,0,2,98,693441,7063654,3740219,1661882
59.60,47,1,16,0,0,0,0,2,98,693441,7063654,3740219,1661882
59.80,48,2,21,0,0,0,0,2,98,1539863,15640309,7604403,4126920
60.00,44,1,13,0,0,0,0,2,98,722397,7337466,3669416,2037996
60.20,49,2,35,0,0,0,0,2,98,859787,8473962,4346420,1955343
60.40,45,1,5,0,0,0,0,2,98,662675,6991348,3390384,1906559
60.60,38,1,23,0,0,0,0,1,99,571551,5844827,2922957,1669795
60.80,46,1,52,0,0,0,0,1,99,741244,7499094,3970786,1984870
61.00,47,1,0,0,0,0,0,2,98,776702,7857278,3722618,2067512
61.20,43,2,33,0,0,0,0,2,98,749624,7664954,3833190,1916060
61.40,42,1,5,0,0,0,0,1,99,662037,6748006,3374631,1686845
61.60,47,1,22,0,0,0,0,1,99,771600,7818765,3910110,2171677
61.80,45,1,51,0,0,0,0,2,98,748554,7802149,4007245,1897648
62.00,49,2,0,0,0,0,0,2,98,858205,8480753,4137732,2068279
62.20,40,1,27,0,0,0,0,2,98,664361,6746609,3373932,1686495
62.40,45,2,26,0,0,0,0,2,98,764683,7742344,3871892,1935406
62.60,49,2,27,0,0,0,0,2,98,845826,8342281,4278889,2138848
62.80,41,1,25,0,0,0,0,2,98,688592,7239926,3517190,1861522
63.00,41,2,29,0,0,0,0,2,98,685283,6984224,3492761,1745894
63.20,46,2,30,0,0,0,0,2,98,787615,8010666,4006078,1897087
63.40,51,2,27,0,0,0,0,2,98,875872,8853321,4427484,2318511
63.60,49,2,28,0,0,0,0,2,98,855073,8433249,4325537,1945949
63.80,46,1,30,0,0,0,0,1,99,658936,6887605,3340076,2086965
64.00,45,1,23,0,0,0,0,1,99,754820,7742980,3872210,1935565
64.20,42,1,29,0,0,0,0,2,98,737426,7551943,3776674,1887810
64.40,43,2,31,0,0,0,0,2,98,714830,7243939,3622643,1704298
64.60,44,1,21,0,0,0,0,1,99,723232,7310241,3870788,1934884
64.80,45,1,30,0,0,0,0,2,98,776976,7970059,3776052,1887470
65.00,47,2,28,0,0,0,0,2,98,757516,7959630,4088128,2151057
65.20,47,1,45,0,0,0,0,2,98,743882,7411563,3600582,1905648
65.40,39,1,7,0,0,0,0,2,98,743882,7411563,3600582,1905648
65.60,45,1,32,0,0,0,0,1,99,1452029,14563516,7388665,3587779
65.80,48,2,2,0,0,0,0,2,98,781661,8112277,3947247,2192303
66.00,41,2,23,0,0,0,0,2,98,725263,7371947,3686659,1842815
66.20,43,2,33,0,0,0,0,2,98,709128,7204476,3602908,1695013
66.40,43,1,10,0,0,0,0,2,98,628847,6418440,3209817,1925353
66.60,41,1,21,0,0,0,0,1,99,708190,7169550,3796291,1686796
66.80,44,2,10,0,0,0,0,2,98,706263,7200128,3388985,1905739
67.00,47,2,8,0,0,0,0,2,98,761337,7745944,3873692,2151451
67.20,45,2,28,0,0,0,0,2,98,748400,7590088,3795750,1897346
67.40,49,2,22,0,0,0,0,2,98,842373,8515046,4258315,2128563
67.60,45,1,23,0,0,0,0,1,99,753588,7841674,4027545,1907262
67.80,41,2,18,0,0,0,0,2,98,721721,7167168,3475647,1737329
68.00,46,2,10,0,0,0,0,2,98,724782,7133915,3669543,2038066
68.20,51,1,36,0,0,0,0,2,98,834523,8645702,4218209,2108516
68.40,48,1,0,0,0,0,0,2,98,765552,7821104,3911279,2172327
68.60,48,2,46,0,0,0,0,2,98,798209,8130867,4066189,1925552
68.80,42,2,5,0,0,0,0,2,98,655321,6679203,3340223,1878351
69.00,47,1,11,0,0,0,0,2,98,830447,8393352,4197457,2098143
69.20,45,2,42,0,0,0,0,2,98,758741,7455890,3835160,1704040
69.40,48,1,14,0,0,0,0,2,98,765713,7954322,3870399,2149622
69.60,36,2,14,0,0,0,0,2,98,628796,6418684,3209939,1497554
69.80,48,1,0,0,0,0,0,1,99,819137,8273116,4344136,2068087
70.00,46,1,21,0,0,0,0,2,98,734602,7496828,3528637,1984270
70.20,48,2,26,0,0,0,0,2,98,803140,8196522,4099023,2253834
70.40,45,1,30,0,0,0,0,2,98,674510,6842863,3422068,1710557
70.60,48,1,30,0,0,0,0,2,98,829810,8393280,4197421,2098125
70.80,46,2,25,0,0,0,0,2,98,773948,7822599,3912027,1955468
71.00,47,2,28,0,0,0,0,2,98,814124,8228665,4115098,2056975
71.20,46,2,28,0,0,0,0,2,98,699015,7058587,3750510,1985043
71.40,45,2,29,0,0,0,0,2,98,791310,8010666,3795291,1897087
71.60,44,2,27,0,0,0,0,2,98,694133,7065095,3533204,1869998
71.80,46,1,23,0,0,0,0,1,99,714454,7240079,3833637,1916313
72.00,44,1,32,0,0,0,0,1,99,714454,7240079,3833637,1916313
72.20,44,2,30,0,0,0,0,2,98,1400940,14274615,6934731,3670274
72.40,46,1,26,0,0,0,0,2,98,765529,7738407,3869923,1934422
72.60,51,2,28,0,0,0,0,2,98,877052,8691429,4452536,2331630
72.80,50,2,25,0,0,0,0,2,98,877052,8691429,4452536,2331630
73.00,43,1,28,0,0,0,0,2,98,1474270,15103549,7449711,3930695
73.20,44,1,22,0,0,0,0,2,98,754161,7623500,3812459,1905698
73.40,44,1,63,0,0,0,0,2,98,761747,7959677,4088152,1935962
73.60,42,1,0,0,0,0,0,2,98,707567,6954452,3372493,1685766
73.80,39,2,48,0,0,0,0,2,98,616810,6265998,3133582,1670777
74.00,48,2,0,0,0,0,0,2,98,816456,8253214,4127374,2171696
74.20,43,1,23,0,0,0,0,1,99,766486,7741617,4086554,1935224
74.40,42,1,16,0,0,0,0,2,98,693569,7097633,3340742,1669876
74.60,45,1,19,0,0,0,0,1,99,656306,6715105,3358177,1888448
74.80,42,1,35,0,0,0,0,2,98,721113,7347020,3674193,1944619
75.00,45,1,12,0,0,0,0,1,99,734181,7614935,3911090,1852114
75.20,40,1,11,0,0,0,0,1,99,699041,6909652,3344013,1782965
75.40,44,1,58,0,0,0,0,1,99,699041,6909652,3344013,1782965
75.60,42,2,16,0,0,0,0,2,98,1465444,14901157,7451964,3618516
75.80,46,2,0,0,0,0,0,2,98,734178,7445805,3723595,2068087
76.00,44,2,38,0,0,0,0,2,98,786495,8022942,4012217,2005549
76.20,47,2,12,0,0,0,0,2,98,774784,7856458,3928960,1860567
76.40,40,1,12,0,0,0,0,1,99,584953,5963501,2982305,1703699
76.60,50,2,55,0,0,0,0,2,98,800163,8088507,4045006,2128356
76.80,42,2,0,0,0,0,0,2,98,740550,7516821,3759109,1879030
77.00,43,2,25,0,0,0,0,2,98,711161,7238356,3619851,1702984
77.20,46,1,14,0,0,0,0,2,98,734562,7425223,3713302,1965318
77.40,44,2,53,0,0,0,0,2,98,796593,8052177,4026838,2118797
77.60,46,2,7,0,0,0,0,2,98,765412,7575359,3890773,1842484
77.80,43,1,23,0,0,0,0,2,98,703693,7380144,3585308,1897575
78.00,44,2,0,0,0,0,0,3,97,697808,7093073,3768834,1773103
78.20,46,2,31,0,0,0,0,2,98,776893,7859505,3723674,2068098
78.40,45,1,25,0,0,0,0,1,99,762287,7704882,3853158,1926041
78.60,46,1,29,0,0,0,0,1,99,793696,8220292,4216318,1896814
78.80,45,1,26,0,0,0,0,1,99,793696,8220292,4216318,1896814
79.00,48,2,24,0,0,0,0,2,98,1533011,15420250,7602946,4126162
79.20,47,2,30,0,0,0,0,2,98,769252,7781239,3891343,2047504
79.40,47,1,24,0,0,0,0,1,99,716938,7239964,3833576,1916283
79.60,42,1,32,0,0,0,0,2,98,761063,7782740,3675927,1945504
79.80,41,1,26,0,0,0,0,2,98,667389,6815479,3408373,1703711
80.00,46,1,30,0,0,0,0,2,98,746619,7342858,3777019,1887983
80.20,42,1,28,0,0,0,0,1,99,699401,7551083,3776244,1887605
80.40,48,1,26,0,0,0,0,2,98,854044,8212940,4107234,1944980
80.60,46,2,25,0,0,0,0,2,98,706597,7167016,3584174,2107750
80.80,43,1,27,0,0,0,0,1,99,720259,7494031,3640644,1926862
81.00,48,2,32,0,0,0,0,2,98,812144,8208654,4105090,1943974
81.20,46,1,50,0,0,0,0,1,99,695880,7027313,3720977,1859998
81.40,42,2,3,0,0,0,0,2,98,705585,7207589,3392497,1907714
81.60,47,1,43,0,0,0,0,1,99,767097,7955406,4085959,1934924
81.80,45,1,0,0,0,0,0,2,98,738962,7340727,3566169,2097150
82.00,43,2,44,0,0,0,0,2,98,727101,7394528,3697952,1739727
82.20,46,3,11,0,0,0,0,4,96,750626,7791083,4001522,2105508
82.40,46,1,44,0,0,0,0,2,98,782150,7703577,3748432,1873664
82.60,48,2,0,0,0,0,0,2,98,814344,8026916,4122686,2169230
82.80,40,2,30,0,0,0,0,2,98,650160,6859932,3326655,1662864
83.00,49,1,32,0,0,0,0,1,99,802479,8383598,4300031,2149446
83.20,32,1,40,0,0,0,0,2,98,563460,5556932,2676106,1440547
83.40,46,1,2,0,0,0,0,1,99,758075,7778224,3889835,1944375
83.60,42,1,29,0,0,0,0,2,98,702058,7203466,3602403,1694776
83.80,45,1,20,0,0,0,0,1,99,732379,7514574,3757986,2087188
84.00,41,1,0,0,0,0,0,1,99,732379,7514574,3757986,2087188
84.20,49,2,55,0,0,0,0,2,98,1431550,14688409,7345570,3776668
84.40,44,1,19,0,0,0,0,1,99,739769,7590394,3795903,1897422
84.60,44,1,0,0,0,0,0,2,98,737929,7552450,3776928,1887937
84.80,41,1,19,0,0,0,0,1,99,675174,7130480,3673951,1728445
85.00,42,1,61,0,0,0,0,2,98,711660,7099990,3443070,1721045
85.20,50,2,16,0,0,0,0,2,98,842247,8518969,4260277,2230951
85.40,47,2,26,0,0,0,0,2,98,780428,7901188,3951329,2194570
85.60,45,1,0,0,0,0,0,1,99,750264,7378680,3795455,1686399
85.80,41,2,3,0,0,0,0,2,98,621498,6536633,3163475,1897556
86.00,47,1,66,0,0,0,0,2,98,816638,8254082,4127808,1954732
86.20,50,1,0,0,0,0,0,1,99,807675,8231043,4116287,2263326
86.40,45,2,28,0,0,0,0,2,98,759937,7706535,3853984,1926455
86.60,42,2,28,0,0,0,0,2,98,640935,6517075,3259144,1737725
86.80,50,2,27,0,0,0,0,2,98,879081,8897860,4449757,2118341
87.00,44,1,29,0,0,0,0,1,99,761697,7502057,3853124,1824655
87.20,46,2,24,0,0,0,0,2,98,700131,7318116,3548837,1995664
87.40,43,1,28,0,0,0,0,1,99,695740,7063063,3739906,1869461
87.60,46,2,27,0,0,0,0,2,98,794253,8091419,3833550,2129123
87.80,40,1,27,0,0,0,0,1,99,638818,6456782,3444197,1506442
88.00,47,2,29,0,0,0,0,2,98,842188,8512328,4044167,2127884
88.20,47,2,27,0,0,0,0,2,98,700626,7169602,3585468,2108510
88.40,39,2,30,0,0,0,0,2,98,701140,7099159,3550240,1670235
88.60,46,2,25,0,0,0,0,2,98,747394,7344381,3777803,1888375
88.80,48,2,28,0,0,0,0,2,98,750283,7832993,3811364,2116834
89.00,46,1,27,0,0,0,0,1,99,800320,7882469,4048507,1917179
89.20,46,2,43,0,0,0,0,2,98,697061,7303976,3548305,2086656
89.40,43,1,9,0,0,0,0,1,99,684420,6917696,3459491,1945421
89.60,43,2,28,0,0,0,0,2,98,762564,7746058,3873749,1936334
89.80,47,2,19,0,0,0,0,2,98,749209,7623103,3812261,1905599
90.00,44,1,2,0,0,0,0,1,99,692326,7034659,3724866,1861942
90.20,49,2,22,0,0,0,0,2,98,839097,8512834,4044408,2128011
90.40,41,1,46,0,0,0,0,2,98,676977,6880974,3441127,1720083
90.60,44,1,13,0,0,0,0,2,98,757404,7661729,3831577,1915254
90.80,37,1,0,0,0,0,0,2,98,625542,6360566,3180874,1483994
91.00,42,1,23,0,0,0,0,2,98,697607,7132370,3566848,1887805
91.20,46,2,15,0,0,0,0,2,98,748007,7802632,4007493,2108629
91.40,43,1,18,0,0,0,0,1,99,711128,7063158,3639223,1712117
91.60,46,2,48,0,0,0,0,2,98,788292,7973833,3777840,2098182
91.80,44,1,0,0,0,0,0,2,98,672776,6876971,3439125,1933968
92.00,48,2,33,0,0,0,0,2,98,783199,7934795,3968135,1879119
92.20,42,1,15,0,0,0,0,2,98,695684,7097750,3549535,1996056
92.40,44,1,6,0,0,0,0,2,98,739893,7478390,3947604,1869424
92.60,43,1,64,0,0,0,0,1,99,694139,7096916,3340405,1878421
92.80,44,1,0,0,0,0,0,2,98,757489,7449755,3832005,1702638
93.00,47,2,14,0,0,0,0,2,98,745837,7806088,3798272,2109563
93.20,43,2,50,0,0,0,0,2,98,723142,7309074,3655217,1934575
93.40,44,1,0,0,0,0,0,2,98,752254,7628621,3815020,1906978
93.60,37,1,25,0,0,0,0,1,99,621855,6354871,3178026,1482665
93.80,45,1,43,0,0,0,0,1,99,706863,7413161,3813143,1906069
94.00,48,2,4,0,0,0,0,2,98,768587,7609462,3696763,2173924
94.20,49,2,7,0,0,0,0,2,98,842664,8517135,4259359,2129086
94.40,41,1,25,0,0,0,0,2,98,695585,7030553,3515930,1654094
94.60,44,1,33,0,0,0,0,2,98,750976,7590405,3795908,1897425
94.80,46,1,23,0,0,0,0,2,98,805393,8341422,4278458,2138632
95.00,48,2,27,0,0,0,0,2,98,825056,8142952,3967808,2087737
95.20,43,2,30,0,0,0,0,2,98,692799,7022038,3511672,1755346
95.40,49,2,25,0,0,0,0,2,98,867989,8773109,4387370,2088641
95.60,48,1,34,0,0,0,0,1,99,769092,7779965,3890706,2160901
95.80,49,1,34,0,0,0,0,1,99,784245,7926670,3964072,2085772
96.00,38,1,26,0,0,0,0,1,99,581210,5937807,2969456,1484314
96.20,48,2,22,0,0,0,0,2,98,815851,8270807,4136173,2067510
96.40,47,2,31,0,0,0,0,2,98,781198,7895871,3948670,2193094
96.60,45,2,28,0,0,0,0,2,98,747206,7590056,3795734,1897337
96.80,39,2,31,0,0,0,0,2,98,687475,6997721,3499511,1646370
97.00,45,2,27,0,0,0,0,2,98,762492,7706805,3854119,1926522
97.20,45,2,53,0,0,0,0,2,98,715644,7271592,3636472,1924654
97.40,47,2,31,0,0,0,0,2,98,762425,7706130,3853782,2140393
97.60,48,2,0,0,0,0,0,2,98,762425,7706130,3853782,2140393
97.80,43,1,50,0,0,0,0,2,98,1487005,14827142,7519386,3758644
98.00,41,1,13,0,0,0,0,2,98,688854,7240870,3511378,1755199
98.20,48,2,9,0,0,0,0,2,98,747226,7552504,3776955,2097723
98.40,45,2,11,0,0,0,0,2,98,781888,7934004,3967740,1878931
98.60,45,2,3,0,0,0,0,2,98,702226,7097674,3549497,1878621
98.80,45,2,30,0,0,0,0,2,98,719798,7275283,3638318,1925631
99.00,42,2,43,0,0,0,0,2,98,702689,7133656,3567491,1888145
99.20,50,2,22,0,0,0,0,2,98,817011,8257848,4129692,2172916
99.40,45,1,12,0,0,0,0,2,98,746304,7587209,3794310,1896626
99.60,44,1,0,0,0,0,0,2,98,750335,7590219,3795815,1897378
99.80,45,2,16,0,0,0,0,2,98,709074,7204830,3603085,1906983
100.00,48,2,51,0,0,0,0,2,98,808436,8171180,4086350,2150111
100.20,36,1,22,0,0,0,0,2,98,617812,6294564,3147867,1468595
100.40,42,1,11,0,0,0,0,1,99,709015,7274848,3638101,1925516
100.60,47,1,0,0,0,0,0,1,99,784580,8050177,4025837,1906444
100.80,48,2,28,0,0,0,0,2,98,759118,7879176,4046806,2129314
101.00,44,2,9,0,0,0,0,2,98,750667,7450760,3619624,1915727
101.20,40,2,53,0,0,0,0,2,98,660750,6747686,3374471,1686765
101.40,45,1,26,0,0,0,0,1,99,660840,6780546,3390904,1906851
101.60,44,2,0,0,0,0,0,2,98,786364,8049235,4025366,1906221
101.80,50,2,11,0,0,0,0,2,98,799203,8096932,4049219,2130573
102.00,44,2,65,0,0,0,0,2,98,680192,6913651,3457468,1944283
102.20,51,2,0,0,0,0,0,2,98,867668,8769862,4385746,2087868
102.40,43,2,29,0,0,0,0,2,98,703425,7166408,3583870,1896814
102.60,48,2,27,0,0,0,0,2,98,769085,7779897,3890672,2160881
102.80,35,2,27,0,0,0,0,2,98,769085,7779897,3890672,2160881
103.00,41,1,27,0,0,0,0,2,98,1226305,12525574,6263952,3131102
103.20,43,1,27,0,0,0,0,1,99,682466,6949756,3692684,1954437
103.40,49,2,26,0,0,0,0,2,98,867241,8771822,4177893,2088335
103.60,48,1,30,0,0,0,0,2,98,746209,7624391,3812905,2117690
103.80,46,2,33,0,0,0,0,2,98,743927,7519165,3760282,1879616
104.00,45,1,23,0,0,0,0,2,98,727244,7350539,3675953,1945550
104.20,47,1,25,0,0,0,0,2,98,822122,8309510,4363246,2077184
104.40,44,2,31,0,0,0,0,2,98,769593,7778579,3673961,1944464
104.60,43,2,27,0,0,0,0,2,98,697605,7069582,3535448,1871186
104.80,46,1,29,0,0,0,0,2,98,765375,7735947,3868693,1933807
105.00,43,1,29,0,0,0,0,2,98,758316,7664598,3833012,1703086
105.20,45,1,36,0,0,0,0,2,98,695471,7097926,3549623,2087431
105.40,40,2,26,0,0,0,0,2,98,636623,6486219,3243713,1729498
105.60,50,1,14,0,0,0,0,2,98,813783,8349812,4175683,2087259
105.80,45,2,17,0,0,0,0,2,98,766598,7819610,3910532,1954721
106.00,44,2,18,0,0,0,0,2,98,754058,7666044,3833735,1916333
106.20,43,2,9,0,0,0,0,2,98,754058,7666044,3833735,1916333
106.40,43,1,49,0,0,0,0,1,99,1446326,14695923,7565425,3673639
106.60,44,2,0,0,0,0,0,2,98,756707,7705872,3639620,1926289
106.80,41,2,35,0,0,0,0,2,98,736641,7238720,3723453,1654406
107.00,48,1,15,0,0,0,0,1,99,734024,7637258,3710225,2181877
107.20,41,2,48,0,0,0,0,2,98,658789,6683569,3342406,1670737
107.40,50,1,11,0,0,0,0,1,99,761673,7698524,3849978,2138280
107.60,38,1,19,0,0,0,0,1,99,683874,6702427,3459960,1513310
107.80,44,1,1,0,0,0,0,2,98,697677,7310435,3551443,2088501
108.00,48,1,24,0,0,0,0,2,98,758109,7662507,3831966,1915449
108.20,42,2,24,0,0,0,0,2,98,723837,7316108,3658734,1936437
108.40,44,2,9,0,0,0,0,2,98,738948,7475034,3738212,1868585
108.60,42,1,37,0,0,0,0,2,98,710071,7240521,3620934,1703494
108.80,44,1,0,0,0,0,0,2,98,710071,7240521,3620934,1703494
109.00,46,2,21,0,0,0,0,2,98,1481080,15032165,7517481,3966452
109.20,38,2,30,0,0,0,0,2,98,638332,6484126,3242666,1512822
109.40,45,1,30,0,0,0,0,2,98,742943,7553045,3777225,2097873
109.60,44,1,17,0,0,0,0,2,98,722402,7385876,3693625,1737692
109.80,43,1,0,0,0,0,0,2,98,685161,7135017,3670111,1834553
110.00,48,2,37,0,0,0,0,2,98,803513,7920256,3853824,2140405
110.20,45,1,1,0,0,0,0,2,98,723401,7343926,3672646,1943800
110.40,49,1,29,0,0,0,0,2,98,740197,7556633,3779019,2098870
110.60,43,1,26,0,0,0,0,2,98,761875,7700567,3851000,1924963
110.80,44,2,29,0,0,0,0,2,98,788259,7763693,3987493,1888285
111.00,45,1,26,0,0,0,0,1,99,721819,7704426,3852930,1925937
111.20,47,2,27,0,0,0,0,2,98,809676,8063454,3929090,2067355
111.40,41,1,26,0,0,0,0,1,99,641248,6481347,3241276,1728198
111.60,47,1,28,0,0,0,0,2,98,802025,8177018,4089270,1936482
111.80,45,2,27,0,0,0,0,2,98,695562,7030315,3515811,1860793
112.00,41,1,25,0,0,0,0,1,99,694791,7022521,3511914,1755467
112.20,46,2,30,0,0,0,0,2,98,736135,7477595,3739493,2076917
112.40,39,1,26,0,0,0,0,1,99,539969,5508255,2754640,1694690
112.60,48,1,26,0,0,0,0,2,98,834698,8564417,4283005,2140905
112.80,41,1,26,0,0,0,0,2,98,696711,7129546,3565436,1677384
113.00,51,2,26,0,0,0,0,2,98,817403,8311417,4156481,2285427
113.20,42,2,29,0,0,0,0,2,98,669736,6813767,3407517,1703283
113.40,49,1,9,0,0,0,0,2,98,809975,8388872,4302776,2150798
113.60,44,2,68,0,0,0,0,2,98,766547,7602014,3693104,1954617
113.80,46,1,8,0,0,0,0,2,98,784480,7726457,3968378,1879234
114.00,41,2,21,0,0,0,0,2,98,651889,6858765,3326080,1870398
114.20,46,1,17,0,0,0,0,2,98,745222,7532247,3766824,1772129
114.40,44,2,0,0,0,0,0,2,98,747980,7591594,3796503,2108580
114.60,45,2,50,0,0,0,0,2,98,740344,7514093,3757745,1878349
114.80,44,1,25,0,0,0,0,2,98,726520,7349673,3675520,1729174
115.00,47,2,4,0,0,0,0,2,98,727008,7409581,3705480,2058025
115.20,49,2,31,0,0,0,0,2,98,792582,8010931,4006210,2107944
115.40,48,2,0,0,0,0,0,2,98,773775,7899426,3950448,2194081
115.60,47,2,14,0,0,0,0,2,98,773793,7821027,3911241,1852176
115.80,42,1,15,0,0,0,0,2,98,659395,6746561,3373908,1897294
116.00,43,1,62,0,0,0,0,2,98,764604,7786241,3893844,1946379
116.20,44,1,23,0,0,0,0,1,99,717212,7306814,3868973,1719090
116.40,47,2,0,0,0,0,0,2,98,808490,8233203,3911556,2263920
116.60,43,1,28,0,0,0,0,1,99,596208,6294878,3256567,1519317
116.80,47,2,9,0,0,0,0,2,98,816782,8067320,3930974,2068346
117.00,48,2,24,0,0,0,0,2,98,796776,8091454,4046480,2129132
117.20,48,2,9,0,0,0,0,2,98,768001,7820838,3911146,2172253
117.40,40,2,14,0,0,0,0,2,98,768001,7820838,3911146,2172253
117.60,41,2,22,0,0,0,0,2,98,1404103,14342895,7172781,3585390
117.80,45,2,20,0,0,0,0,2,98,750859,7589226,3795319,1897130
118.00,47,1,21,0,0,0,0,1,99,797836,8263150,4238291,1906708
118.20,46,1,30,0,0,0,0,2,98,737360,7343278,3567409,2097879
118.40,41,1,29,0,0,0,0,1,99,637850,6518330,3259771,1738060
118.60,45,2,28,0,0,0,0,2,98,754415,7740675,3871058,1934989
118.80,49,2,27,0,0,0,0,2,98,854780,8682781,4342198,2067137
119.00,45,1,27,0,0,0,0,1,99,738730,7466635,3734012,1976278
119.20,45,2,24,0,0,0,0,2,98,721408,7297604,3649481,1824231
119.40,48,1,32,0,0,0,0,1,99,774065,7823781,3912618,2173070
119.60,43,1,24,0,0,0,0,1,99,727769,7565429,3891506,1729085
119.80,46,1,31,0,0,0,0,1,99,732648,7235517,3721767,2067093
120.00,39,1,25,0,0,0,0,2,98,669032,6845208,3209348,1711143
120.20,45,1,29,0,0,0,0,2,98,752239,7840247,4026812,1906915
120.40,42,1,25,0,0,0,0,2,98,701966,6959791,3375082,1687061
120.60,44,1,21,0,0,0,0,2,98,708040,7169025,3585179,1897507
120.80,52,1,32,0,0,0,0,2,98,708040,7169025,3585179,1897507
121.00,43,2,25,0,0,0,0,2,98,1558704,15754435,7878683,4044681
121.20,39,1,32,0,0,0,0,1,99,657503,6645641,3323438,1661256
121.40,46,2,27,0,0,0,0,2,98,766023,7742491,3871966,2150492
121.60,44,1,17,0,0,0,0,2,98,736637,7445479,3723432,1861197
121.80,37,2,11,0,0,0,0,2,98,599748,6081334,3041232,1520192
122.00,45,2,44,0,0,0,0,2,98,766049,7742753,3872096,1935508
122.20,47,2,25,0,0,0,0,2,98,729437,7372709,3687040,2047784
122.40,44,1,1,0,0,0,0,2,98,770810,7816797,3909126,1954018
122.60,39,1,10,0,0,0,0,2,98,618896,6267899,3134532,1671284
122.80,46,1,47,0,0,0,0,2,98,773971,7934645,3968061,1983477
123.00,43,1,0,0,0,0,0,1,99,699182,7066907,3534111,1662647
123.20,46,1,38,0,0,0,0,1,99,760950,7527500,3872006,1935463
123.40,47,1,24,0,0,0,0,1,99,760950,7527500,3872006,1935463
123.60,43,2,13,0,0,0,0,2,98,1490446,15318197,7555584,3986557
123.80,46,2,28,0,0,0,0,2,98,714657,7274402,3637878,1925398
124.00,44,2,16,0,0,0,0,2,98,747591,7593963,3797688,2109238
124.20,43,1,0,0,0,0,0,2,98,718334,7344282,3672824,1727906
124.40,47,2,10,0,0,0,0,2,98,705772,7133513,3567420,2097897
124.60,47,2,50,0,0,0,0,2,98,838628,8476344,4238960,1907000
124.80,48,1,0,0,0,0,0,2,98,745217,7627045,3814232,2118427
125.00,49,1,22,0,0,0,0,2,98,763893,7818186,3909820,2171516
125.20,44,1,19,0,0,0,0,2,98,680663,6965322,3483309,1843590
125.40,46,1,47,0,0,0,0,2,98,796274,8170162,4085841,1934858
125.60,46,1,4,0,0,0,0,2,98,729244,7482406,3741899,2078253
125.80,47,1,3,0,0,0,0,2,98,778838,7977838,3989661,1994274
126.00,42,1,12,0,0,0,0,2,98,778838,7977838,3989661,1994274
126.20,46,2,28,0,0,0,0,2,98,1503199,15333246,7668049,3832955
126.40,43,2,28,0,0,0,0,2,98,754687,7627916,3814667,1906802
126.60,43,2,27,0,0,0,0,2,98,723266,7349034,3675200,1729024
126.80,42,2,27,0,0,0,0,2,98,697075,7095432,3548376,1878028
127.00,50,2,26,0,0,0,0,2,98,755193,7633032,3817226,2120090
127.20,44,2,28,0,0,0,0,2,98,788398,7968646,3985064,1887135
127.40,47,2,29,0,0,0,0,2,98,757872,7660106,3830765,2127609
127.60,45,2,25,0,0,0,0,2,98,751728,7598006,3799710,1899325
127.80,42,1,28,0,0,0,0,2,98,700148,7133023,3567175,1678202
128.00,46,1,24,0,0,0,0,2,98,744607,7627200,3814309,2118470
128.20,45,1,32,0,0,0,0,1,99,757072,7703106,3852269,1925597
128.40,44,2,30,0,0,0,0,2,98,763558,7743252,3872346,1935633
128.60,39,2,21,0,0,0,0,2,98,643971,6515348,3258280,1520106
128.80,44,1,29,0,0,0,0,2,98,732839,7512971,3757184,1878068
129.00,45,1,31,0,0,0,0,2,98,736548,7444577,3722981,1860971
129.20,41,1,22,0,0,0,0,1,99,622944,6571463,3392344,1907672
129.40,44,2,16,0,0,0,0,2,98,759943,7561825,3673580,1944283
129.60,41,1,22,0,0,0,0,2,98,611884,6234163,3117661,1662289
129.80,47,2,28,0,0,0,0,2,98,819155,8292544,4147043,1963841
130.00,50,2,26,0,0,0,0,2,98,784210,7976435,3988959,2308753
130.20,46,1,27,0,0,0,0,2,98,774130,7824430,3912943,1738601
130.40,42,1,24,0,0,0,0,2,98,654249,6643731,3322483,1868376
130.60,49,1,29,0,0,0,0,1,99,838553,8388868,4302784,2150792
130.80,40,2,36,0,0,0,0,2,98,689287,7203415,3499453,1852135
131.00,48,2,24,0,0,0,0,2,98,816388,8251552,4126543,1954133
131.20,44,2,31,0,0,0,0,2,98,673045,6847435,3424354,1925662
131.40,43,1,30,0,0,0,0,1,99,740855,7519283,3760341,1879646
131.60,48,1,33,0,0,0,0,2,98,796298,8048492,4024994,1906044
131.80,46,2,22,0,0,0,0,2,98,739498,7555822,3778614,2098644
132.00,46,2,35,0,0,0,0,2,98,739498,7555822,3778614,2098644
132.20,45,1,25,0,0,0,0,1,99,1484522,15035804,7728111,3758601
132.40,40,1,27,0,0,0,0,2,98,717564,7310456,3440914,1719947
132.60,50,1,35,0,0,0,0,2,98,800575,8091724,4046615,2129203
132.80,47,1,17,0,0,0,0,2,98,800575,8091724,4046615,2129203
133.00,45,2,50,0,0,0,0,2,98,1584337,16095682,8049338,4023546
133.20,48,1,8,0,0,0,0,1,99,762616,7708054,4068836,1926834
133.40,50,2,29,0,0,0,0,2,98,833896,8428513,4004347,2317625
133.60,46,1,27,0,0,0,0,1,99,766784,7743718,4087662,1935749
133.80,43,1,33,0,0,0,0,1,99,697612,7132421,3566874,1678061
134.00,46,2,20,0,0,0,0,2,98,816343,8313172,3949549,2078100
134.20,46,1,38,0,0,0,0,1,99,717655,7453750,3834060,1916505
134.40,44,2,36,0,0,0,0,2,98,807317,7957756,3872071,1935485
134.60,40,2,34,0,0,0,0,2,98,663677,6745795,3373525,1686292
134.80,42,1,34,0,0,0,0,1,99,723552,7313222,3657291,1935673
135.00,43,1,36,0,0,0,0,2,98,762054,7702376,3851904,1711480
135.20,48,2,33,0,0,0,0,2,98,777312,7856591,3929026,2067332
135.40,46,2,40,0,0,0,0,2,98,723483,7312525,3656942,2150543
135.60,44,1,33,0,0,0,0,2,98,743680,7516660,3759029,1878990
135.80,47,2,38,0,0,0,0,2,98,812536,8212621,4107074,1944914
136.00,44,1,33,0,0,0,0,2,98,761935,7701174,3851303,1925114
136.20,43,1,34,0,0,0,0,2,98,744001,7311037,3760651,1879801
136.40,48,1,38,0,0,0,0,2,98,800319,8301993,4045323,2128523
136.60,47,2,34,0,0,0,0,2,98,792495,8010056,4005773,1896942
136.80,45,1,36,0,0,0,0,2,98,766113,7743400,3872420,1935670
137.00,45,1,25,0,0,0,0,2,98,671746,6847066,3424170,1925558
137.20,44,1,28,0,0,0,0,2,98,752775,7452850,3833607,1916269
137.40,42,2,29,0,0,0,0,2,98,707575,7414144,3601826,1906317
137.60,48,1,34,0,0,0,0,2,98,826429,8180838,4196082,1887710
137.80,42,1,21,0,0,0,0,2,98,826429,8180838,4196082,1887710
138.00,48,1,22,0,0,0,0,2,98,1461319,15081531,7438851,3924965
138.20,42,1,29,0,0,0,0,1,99,722080,7389148,3695261,1738461
138.40,46,1,50,0,0,0,0,1,99,696670,7135462,3778242,1888623
138.60,46,2,4,0,0,0,0,2,98,812746,8214740,3891976,2161573
138.80,38,1,41,0,0,0,0,2,98,617777,6084417,3147687,1468511
139.00,47,2,17,0,0,0,0,2,98,813714,8436409,4116096,2263221
139.20,41,1,31,0,0,0,0,1,99,697477,6874250,3548660,1552106
139.40,43,1,26,0,0,0,0,1,99,651374,6853346,3323453,1868921
139.60,45,1,25,0,0,0,0,2,98,770254,7569016,3893351,1946132
139.80,45,1,35,0,0,0,0,1,99,705854,7337666,3774310,2096287
140.00,46,2,24,0,0,0,0,2,98,786901,7972350,3777137,1888013
140.20,49,1,47,0,0,0,0,2,98,826579,8145712,4178055,2088445
140.40,47,2,17,0,0,0,0,2,98,768417,7995667,3890517,2160795
140.60,44,1,19,0,0,0,0,1,99,747492,7555195,3778300,1888623
140.80,42,2,26,0,0,0,0,2,98,689285,7019245,3510275,1754648
141.00,46,1,27,0,0,0,0,2,98,785126,7935574,3968525,1879303
141.20,47,1,35,0,0,0,0,2,98,785126,7935574,3968525,1879303
141.40,45,2,39,0,0,0,0,2,98,1457926,14965383,7589493,4004448
141.60,50,2,29,0,0,0,0,2,98,858371,8471733,4128022,2172037
141.80,43,1,24,0,0,0,0,2,98,760711,7743532,3872486,1833824
142.00,46,1,31,0,0,0,0,2,98,760711,7743532,3872486,1833824
142.20,47,2,39,0,0,0,0,2,98,1476062,14956334,7479558,3946443
142.40,46,2,31,0,0,0,0,2,98,758593,7667391,3834409,1916670
142.60,47,1,36,0,0,0,0,2,98,785408,7938427,3969952,1984422
142.80,47,1,35,0,0,0,0,2,98,785408,7938427,3969952,1984422
143.00,43,2,39,0,0,0,0,2,98,1501907,15029790,7619246,3911494
143.20,48,2,34,0,0,0,0,2,98,788861,8183136,3987407,2098050
143.40,45,2,39,0,0,0,0,2,98,773664,7819726,3910590,1954750
143.60,51,2,36,0,0,0,0,2,98,773664,7819726,3910590,1954750
143.80,44,2,34,0,0,0,0,2,98,1593673,16160010,8081508,4148806
144.00,45,2,35,0,0,0,0,2,98,799773,8083615,4042559,1914362
144.20,45,2,37,0,0,0,0,2,98,744309,7523022,3762210,1880580
144.40,48,2,31,0,0,0,0,2,98,800228,8088213,4044859,2128279
144.60,40,1,36,0,0,0,0,2,98,656063,6680934,3341088,1670078
144.80,46,2,51,0,0,0,0,2,98,754457,7625591,3813505,2118023
145.00,45,1,0,0,0,0,0,2,98,747428,7630451,3815935,1907435
145.20,44,2,27,0,0,0,0,2,98,735088,7455996,3728691,1754189
145.40,41,1,30,0,0,0,0,1,99,615296,6268926,3135046,1880503
145.60,47,1,55,0,0,0,0,2,98,761671,7815120,3908287,1953598
145.80,46,1,0,0,0,0,0,1,99,777251,7974985,3988234,1888637
146.00,44,1,35,0,0,0,0,1,99,737083,7340403,3775766,1887357
146.20,39,1,18,0,0,0,0,1,99,653319,6893275,3342815,1670941
146.40,44,1,57,0,0,0,0,2,98,646699,6615415,3308323,1984440
146.60,45,1,50,0,0,0,0,2,98,792283,8116918,4059214,2029041
146.80,43,2,0,0,0,0,0,2,98,754104,7628346,3814882,1906909
147.00,47,1,21,0,0,0,0,1,99,781051,7681469,3951204,1755601
147.20,45,2,28,0,0,0,0,2,98,758311,7870923,3829810,2127079
147.40,46,2,27,0,0,0,0,2,98,781872,7902686,4160024,1871515
147.60,50,2,29,0,0,0,0,2,98,816589,8253581,3910379,2171793
147.80,50,2,28,0,0,0,0,2,98,863473,8727458,4364540,2077773
148.00,36,1,24,0,0,0,0,2,98,611671,6231991,3116575,1661710
148.20,45,2,27,0,0,0,0,2,98,802545,8169384,4085452,1934674
148.40,51,2,37,0,0,0,0,2,98,800572,8091689,4046597,2129194
148.60,45,1,22,0,0,0,0,1,99,727757,7349218,3891426,1729067
148.80,41,2,25,0,0,0,0,2,98,694284,7067077,3326360,1870523
149.00,45,2,25,0,0,0,0,2,98,777304,7856515,3928988,1963946
149.20,46,1,33,0,0,0,0,1,99,688803,6998861,3705911,2058297
149.40,41,2,31,0,0,0,0,2,98,713324,7273691,3423610,1711298
149.60,43,1,22,0,0,0,0,1,99,744005,7311079,3760673,1879812
149.80,44,1,36,0,0,0,0,2,98,725672,7563635,3674458,1944759
150.00,46,1,34,0,0,0,0,2,98,803830,7917035,4066261,1925586
150.20,44,2,35,0,0,0,0,2,98,755386,7840561,3815037,1906986
150.40,47,2,36,0,0,0,0,2,98,755386,7840561,3815037,1906986
150.60,41,2,30,0,0,0,0,2,98,1473795,14964451,7483617,3740765
150.80,45,1,39,0,0,0,0,2,98,741960,7499275,3750335,1984918
151.00,44,1,37,0,0,0,0,2,98,805916,7947994,4076653,1833982
151.20,44,2,34,0,0,0,0,2,98,695604,7243698,3512749,1975370
151.40,44,2,35,0,0,0,0,2,98,723336,7311035,3656197,1935094
151.60,43,2,38,0,0,0,0,2,98,747371,7553974,3777689,1888318
151.80,49,1,33,0,0,0,0,1,99,778522,8063120,4135693,1860551
152.00,50,1,39,0,0,0,0,1,99,812648,8213747,4107637,2161311
152.20,44,2,33,0,0,0,0,2,98,803213,7917298,3852385,1925645
152.40,46,2,31,0,0,0,0,2,98,804002,8126362,4063937,2138317
152.60,47,2,35,0,0,0,0,2,98,770571,7819161,3910308,1851734
152.80,42,1,18,0,0,0,0,1,99,684199,6921919,3461603,1946609
153.00,43,1,27,0,0,0,0,2,98,690636,7029889,3515598,1860680
153.20,45,1,26,0,0,0,0,2,98,741109,7584997,3793204,1896073
153.40,42,1,27,0,0,0,0,2,98,723091,7353748,3677558,1730133
153.60,49,2,21,0,0,0,0,2,98,842367,8514131,4257857,2128335
153.80,44,1,49,0,0,0,0,2,98,736223,7441293,3721338,1860150
154.00,45,2,29,0,0,0,0,2,98,734630,7425190,3713286,1965309
154.20,42,1,12,0,0,0,0,2,98,733221,7441796,3721590,1860276
154.40,47,1,20,0,0,0,0,1,99,773307,7822552,4129277,1955456
154.60,38,1,29,0,0,0,0,1,99,773307,7822552,4129277,1955456
154.80,41,1,27,0,0,0,0,1,99,1362652,13854343,6718565,3358316
155.00,41,1,48,0,0,0,0,1,99,658670,6651188,3534043,1870473
155.20,43,1,35,0,0,0,0,1,99,744633,7532964,3545645,1772297
155.40,41,1,11,0,0,0,0,2,98,692652,7031762,3516535,1654378
155.60,39,1,17,0,0,0,0,2,98,596858,6084559,3042845,1738284
155.80,47,2,24,0,0,0,0,2,98,837874,8475046,4238311,2118564
156.00,48,2,35,0,0,0,0,2,98,751438,7626693,3814056,2118329
156.20,50,1,26,0,0,0,0,2,98,834398,8222769,4217579,1897381
156.40,39,1,31,0,0,0,0,1,99,661869,6714797,3358033,1678548
156.60,42,2,32,0,0,0,0,2,98,693005,7306689,3549623,1878688
156.80,51,1,16,0,0,0,0,1,99,816858,8256307,4128921,2172510
157.00,43,1,37,0,0,0,0,2,98,796676,8052317,4026907,1906950
157.20,45,2,38,0,0,0,0,2,98,732907,7407772,3704575,2057523
157.40,46,1,38,0,0,0,0,2,98,773655,7819633,3910544,1954726
157.60,44,1,37,0,0,0,0,1,99,736946,7442384,3928598,1860423
157.80,40,1,34,0,0,0,0,2,98,693518,6797017,3289542,1534663
158.00,44,1,32,0,0,0,0,2,98,693518,6797017,3289542,1534663
158.20,41,2,38,0,0,0,0,2,98,1498286,15419248,7602462,3908747
158.40,47,2,33,0,0,0,0,2,98,781285,7896752,3949110,2077899
158.60,48,2,36,0,0,0,0,2,98,826412,8352867,4177211,2088023
158.80,49,2,38,0,0,0,0,2,98,826412,8352867,4177211,2088023
159.00,43,2,32,0,0,0,0,2,98,1495617,15186027,7594426,3796154
159.20,49,1,38,0,0,0,0,2,98,820539,8293506,4147524,2182299
159.40,45,2,35,0,0,0,0,2,98,743818,7555638,3778522,1888734
159.60,46,2,36,0,0,0,0,2,98,812721,8214485,4108007,1945355
159.80,44,1,36,0,0,0,0,1,99,657079,6710141,3565367,1887052
160.00,46,1,35,0,0,0,0,1,99,818073,8355913,3969855,2088784
160.20,48,2,36,0,0,0,0,2,98,799906,8084964,4043234,1914682
160.40,46,2,30,0,0,0,0,2,98,800901,8095015,4048260,2130069
160.60,43,2,33,0,0,0,0,2,98,733758,7441052,3721218,1860090
160.80,46,1,35,0,0,0,0,1,99,766593,7741788,4086643,1935267
161.00,42,2,16,0,0,0,0,2,98,721734,7352989,3460934,1729954
161.20,45,1,28,0,0,0,0,2,98,716196,7238871,3620109,1915994
161.40,43,2,35,0,0,0,0,2,98,741992,7512062,3756730,1877841
161.60,48,1,34,0,0,0,0,2,98,766115,7743423,3872431,2150751
161.80,49,1,0,0,0,0,0,2,98,834193,8431517,4216542,2107683
162.00,40,1,24,0,0,0,0,2,98,673195,6881256,3441268,1720154
162.20,42,1,38,0,0,0,0,2,98,699977,7099867,3550594,1670401
162.40,47,1,9,0,0,0,0,2,98,804437,8130760,4066136,2139475
162.60,48,2,20,0,0,0,0,2,98,851251,8603929,4302765,2150782
162.80,42,2,16,0,0,0,0,2,98,708835,7202405,3601872,1694526
163.00,44,2,10,0,0,0,0,2,98,702338,7098805,3550063,1878921
163.20,49,1,20,0,0,0,0,1,99,830415,8393280,4407233,2098125
163.40,46,2,19,0,0,0,0,2,98,745102,7625911,3601853,2118112
163.60,46,1,32,0,0,0,0,2,98,784366,7934128,3967802,1878961
163.80,45,1,0,0,0,0,0,2,98,784366,7934128,3967802,1878961
164.00,46,1,25,0,0,0,0,2,98,1406846,14059810,7136146,3776906
164.20,40,2,53,0,0,0,0,2,98,686331,7204266,3499875,1646541
164.40,48,2,19,0,0,0,0,2,98,765595,7738169,3869804,2149291
164.60,40,2,5,0,0,0,0,2,98,716037,7275580,3638467,1711742
164.80,43,2,2,0,0,0,0,2,98,713180,7208391,3604866,1907926
165.00,46,2,27,0,0,0,0,2,98,736098,7440035,3720709,1859836
165.20,42,1,1,0,0,0,0,1,99,650531,6432793,3327925,1774398
165.40,43,1,19,0,0,0,0,2,98,695105,7238691,3516590,2068005
165.60,45,2,31,0,0,0,0,2,98,776412,7635867,3927738,1745174
165.80,48,2,23,0,0,0,0,2,98,755462,7841335,3815422,2119088
166.00,41,2,29,0,0,0,0,2,98,743416,7513997,3757697,1878325
166.20,45,2,28,0,0,0,0,2,98,792556,8054959,4028228,1907576
166.40,46,2,26,0,0,0,0,2,98,709250,7168664,3584999,1897411
166.60,44,2,25,0,0,0,0,2,98,719767,7274965,3638159,1925547
166.80,41,1,29,0,0,0,0,1,99,696426,7063804,3740298,1661917
167.00,45,2,22,0,0,0,0,2,98,749568,7626803,3602275,2118359
167.20,41,1,31,0,0,0,0,2,98,699199,7135973,3568650,1678896
167.40,47,2,27,0,0,0,0,2,98,800783,8132148,4066830,2139840
167.60,47,2,26,0,0,0,0,2,98,792478,8009883,4005686,1896901
167.80,46,1,22,0,0,0,0,1,99,774481,7821452,4128696,1955181
168.00,43,1,32,0,0,0,0,2,98,717786,7345256,3457294,1944152
168.20,47,1,29,0,0,0,0,1,99,692710,7271121,3740120,1869548
168.40,46,1,25,0,0,0,0,1,99,764416,7823538,3912496,2173003
168.60,44,2,26,0,0,0,0,2,98,742484,7308352,3550441,1879111
168.80,44,1,26,0,0,0,0,2,98,737993,7515259,3758328,1878640
169.00,48,2,29,0,0,0,0,2,98,773829,7821394,3911424,1955167
169.20,49,2,31,0,0,0,0,2,98,821831,8306569,4154057,2076449
169.40,45,1,31,0,0,0,0,2,98,728711,7424018,3712700,1964999
169.60,43,1,0,0,0,0,0,1,99,682326,6896489,3651705,1825372
169.80,42,1,62,0,0,0,0,1,99,663916,6780066,3178806,1906716
170.00,47,1,0,0,0,0,0,2,98,813735,8257163,4129349,1955462
170.20,48,2,27,0,0,0,0,2,98,814651,8036250,4127491,2171758
170.40,45,2,34,0,0,0,0,2,98,733377,7650141,3722382,1860672
170.60,46,2,0,0,0,0,0,2,98,739346,7516478,3758938,2087717
170.80,46,1,22,0,0,0,0,2,98,785616,7719978,3971002,1764398
171.00,45,2,35,0,0,0,0,2,98,723914,7576641,3686628,2047556
171.20,47,1,0,0,0,0,0,1,99,747471,7592697,4007943,2108886
171.40,48,1,13,0,0,0,0,1,99,747471,7592697,4007943,2108886
171.60,45,1,20,0,0,0,0,1,99,1546414,15636742,7602669,3908822
171.80,44,2,58,0,0,0,0,2,98,702389,7099321,3550321,1879057
172.00,44,1,19,0,0,0,0,1,99,691737,7028621,3721669,1860344
172.20,46,2,0,0,0,0,0,2,98,782103,7984497,3771220,2217710
172.40,40,1,41,0,0,0,0,2,98,688441,6825600,3516862,1654532
172.60,43,1,5,0,0,0,0,2,98,723637,7522582,3654515,1934203
172.80,44,2,11,0,0,0,0,2,98,762945,7743479,3872460,1935690
173.00,43,1,18,0,0,0,0,1,99,688820,6962123,3686458,1637994
173.20,41,1,14,0,0,0,0,1,99,689337,7026422,3294309,1975997
173.40,48,2,45,0,0,0,0,2,98,824476,8345750,4173651,2086244
173.60,46,1,1,0,0,0,0,1,99,793684,7841762,4027600,1907278
173.80,44,2,9,0,0,0,0,2,98,706037,7417701,3603553,1907231
174.00,43,2,53,0,0,0,0,2,98,706037,7417701,3603553,1907231
174.20,47,2,0,0,0,0,0,2,98,1566413,15875986,7939469,3968627
174.40,39,2,31,0,0,0,0,2,98,687721,6951063,3476178,1737604
174.60,50,2,26,0,0,0,0,2,98,789058,7975316,3988400,1888715
174.80,45,2,28,0,0,0,0,2,98,789058,7975316,3988400,1888715
175.00,42,1,26,0,0,0,0,2,98,1457021,14772059,7387403,3909887
175.20,46,2,30,0,0,0,0,2,98,781484,7898767,3950118,2078429
175.40,42,2,33,0,0,0,0,2,98,684090,6953277,3477285,1738158
175.60,45,2,22,0,0,0,0,2,98,804176,8128116,4064814,1924901
175.80,44,2,26,0,0,0,0,2,98,663887,6747929,3374592,1897678
176.00,48,1,28,0,0,0,0,1,99,800985,8089469,4258348,1915749
176.20,42,1,26,0,0,0,0,2,98,697173,7134319,3358010,1888321
176.40,48,2,29,0,0,0,0,2,98,807345,8172989,4087255,2150587
176.60,46,1,26,0,0,0,0,2,98,755187,7664742,3833084,1916007
176.80,44,1,26,0,0,0,0,1,99,684756,6994728,3703723,1851373
177.00,46,1,29,0,0,0,0,2,98,797466,8265848,4027750,1907331
177.20,48,1,27,0,0,0,0,1,99,802778,7913015,3850301,2138448
177.40,43,2,32,0,0,0,0,2,98,715966,7242908,3622128,1917062
177.60,45,1,24,0,0,0,0,2,98,772686,7816323,3908888,1953899
177.80,42,1,40,0,0,0,0,2,98,699836,7307096,3758625,1670042
178.00,46,2,15,0,0,0,0,2,98,750169,7452058,3620255,2128956
178.20,42,2,16,0,0,0,0,2,98,750169,7452058,3620255,2128956
178.40,46,1,31,0,0,0,0,2,98,1523149,15269847,7743897,3870869
178.60,40,1,10,0,0,0,0,1,99,628146,6599888,3406968,1703039
178.80,41,2,17,0,0,0,0,2,98,683695,6949313,3258157,1737167
179.00,42,1,23,0,0,0,0,2,98,732966,7445406,3723395,1861178
179.20,40,1,0,0,0,0,0,2,98,682902,6954245,3477769,1738400
179.40,46,2,45,0,0,0,0,2,98,776993,7853370,3927415,1859836
179.60,46,2,10,0,0,0,0,2,98,759484,7701938,3851685,2139228
179.80,45,1,8,0,0,0,0,1,99,727996,7351634,3892705,1729635
180.00,46,2,17,0,0,0,0,2,98,753701,7624325,3601105,2117671
180.20,46,1,10,0,0,0,0,2,98,796659,8052143,4026820,1906909
180.40,46,1,28,0,0,0,0,1,99,737576,7655636,3931956,2068904
180.60,41,1,26,0,0,0,0,2,98,700299,6955551,3373065,1686033
180.80,48,1,15,0,0,0,0,1,99,773505,8035219,4126911,1954336
181.00,49,1,24,0,0,0,0,2,98,862792,8519065,4156463,2285385
181.20,43,1,9,0,0,0,0,1,99,704508,7133258,3567292,1678257
181.40,44,1,2,0,0,0,0,2,98,723162,7347983,3674675,1944874
181.60,43,1,52,0,0,0,0,2,98,681035,6883486,3442383,1935801
181.80,38,1,0,0,0,0,0,1,99,604649,6172832,3086990,1645935
182.00,46,1,65,0,0,0,0,1,99,759503,7779782,3890615,1944765
182.20,42,1,7,0,0,0,0,2,98,710357,7416942,3815127,1695148
182.40,45,1,0,0,0,0,0,2,98,701003,6956411,3373443,1897021
182.60,45,2,38,0,0,0,0,2,98,723988,7133736,3675628,1945378
182.80,47,1,0,0,0,0,0,1,99,751261,7797676,4004908,2107289
183.00,40,1,27,0,0,0,0,1,99,698725,7276315,3534935,1663008
183.20,46,1,25,0,0,0,0,1,99,760662,7487272,3637342,2139016
183.40,43,1,32,0,0,0,0,1,99,760662,7487272,3637342,2139016
183.60,39,2,25,0,0,0,0,2,98,1333401,13587797,6795162,3293705
183.80,45,1,28,0,0,0,0,1,99,781698,7900928,3951199,1975048
184.00,47,1,26,0,0,0,0,1,99,725500,7369571,3890162,2046913
184.20,45,2,25,0,0,0,0,2,98,808709,8173936,3872645,1935752
184.40,43,2,28,0,0,0,0,2,98,719898,7276292,3638822,1925898
184.60,45,2,36,0,0,0,0,2,98,747615,7556439,3778922,1888934
184.80,44,1,22,0,0,0,0,2,98,773247,7815513,3908483,1953697
185.00,44,2,30,0,0,0,0,2,98,747286,7553109,3777257,1888102
185.20,44,2,28,0,0,0,0,2,98,740239,7481886,3741639,1870298
185.40,44,2,27,0,0,0,0,2,98,769756,7780229,3890838,1944876
185.60,45,2,28,0,0,0,0,2,98,754215,7667636,3834531,1916731
185.80,49,2,25,0,0,0,0,2,98,842467,8515144,4258364,2128588
186.00,41,1,28,0,0,0,0,2,98,663818,6747220,3374238,1686648
186.20,45,1,46,0,0,0,0,1,99,751000,7794966,4003516,1895901
186.40,46,2,0,0,0,0,0,2,98,764410,7594513,3695363,2052375
186.60,51,1,16,0,0,0,0,2,98,858003,8455387,4336892,2167841
186.80,39,1,29,0,0,0,0,1,99,644147,6802029,3511327,1755204
187.00,45,2,15,0,0,0,0,2,98,784164,7969717,3775890,1887389
187.20,49,2,46,0,0,0,0,2,98,790816,8018272,4009882,2109875
187.40,48,1,0,0,0,0,0,2,98,763421,7774192,3887819,2159297
187.60,42,1,6,0,0,0,0,2,98,763421,7774192,3887819,2159297
187.80,46,2,20,0,0,0,0,2,98,1489098,15100970,7551889,3774891
188.00,49,2,21,0,0,0,0,2,98,834485,8434462,4218015,2108419
188.20,41,2,26,0,0,0,0,2,98,666892,6778470,3389865,1694460
188.40,45,2,13,0,0,0,0,2,98,666892,6778470,3389865,1694460
188.60,45,1,18,0,0,0,0,1,99,1477994,14829528,7520596,3759249
188.80,41,1,18,0,0,0,0,1,99,711241,7239628,3620487,1703283
189.00,47,2,27,0,0,0,0,2,98,723278,7598831,3691547,2170893
189.20,46,2,11,0,0,0,0,2,98,778128,7895846,3948657,1869895
189.40,40,1,29,0,0,0,0,2,98,591979,6021876,3011498,1720376
189.60,45,1,4,0,0,0,0,2,98,762081,7819332,3910393,1954651
189.80,52,2,23,0,0,0,0,2,98,814149,8353569,4177561,2297018
190.00,42,1,40,0,0,0,0,1,99,744560,7414881,3814067,1694668
190.20,43,1,32,0,0,0,0,1,99,744560,7414881,3814067,1694668
190.40,41,1,0,0,0,0,0,1,99,1380880,14058803,7030709,3620870
190.60,49,1,31,0,0,0,0,2,98,773440,8267773,4134617,2273437
190.80,43,1,17,0,0,0,0,2,98,725176,7202640,3492890,1745927
191.00,45,2,36,0,0,0,0,2,98,709456,7240658,3621002,1916466
191.20,37,1,0,0,0,0,0,2,98,648677,6792878,3500003,1646610
191.40,50,2,25,0,0,0,0,2,98,896591,8859140,4322346,2160560
191.60,47,2,29,0,0,0,0,2,98,758617,7667636,3834531,2129701
191.80,45,1,27,0,0,0,0,2,98,747060,7550830,3776117,1887532
192.00,39,1,24,0,0,0,0,2,98,656612,6680249,3340746,1669907
192.20,45,2,28,0,0,0,0,2,98,785845,7942845,3972161,1985527
192.40,48,2,28,0,0,0,0,2,98,784684,7931103,3966289,1878244
192.60,47,2,23,0,0,0,0,2,98,789140,8013914,4007702,2108729
192.80,42,1,30,0,0,0,0,1,99,663657,6714106,3357677,1888167
193.00,47,2,26,0,0,0,0,2,98,796368,8049201,4025349,1906212
193.20,45,2,29,0,0,0,0,2,98,744693,7540139,3770771,1995734
193.40,46,1,27,0,0,0,0,2,98,739619,7481823,3741607,2078091
193.60,43,1,25,0,0,0,0,2,98,671432,6811839,3406553,1702801
193.80,46,1,32,0,0,0,0,1,99,762147,7703263,4066308,1925637
194.00,45,2,23,0,0,0,0,2,98,772805,7817231,3703645,2056975
194.20,43,1,27,0,0,0,0,2,98,766080,7743071,3872255,1935588
194.40,44,1,29,0,0,0,0,2,98,766080,7743071,3872255,1935588
194.60,46,2,30,0,0,0,0,2,98,1538094,15559014,7780954,3889392
194.80,47,2,15,0,0,0,0,2,98,806303,8149615,4075565,2037214
195.00,43,2,65,0,0,0,0,2,98,753707,7418717,3816040,1695545
195.20,48,2,0,0,0,0,0,2,98,753707,7418717,3816040,1695545
195.40,44,2,48,0,0,0,0,2,98,1526013,15494641,7748772,4088489
195.60,44,1,0,0,0,0,0,2,98,714260,7484196,3635857,1924329
195.80,41,1,7,0,0,0,0,2,98,680988,6883012,3442146,1720593
196.00,39,1,22,0,0,0,0,1,99,669467,6811028,3406148,1702599
196.20,45,2,41,0,0,0,0,2,98,723655,7338598,3669982,1834479
196.40,47,1,32,0,0,0,0,2,98,741963,7499309,3750352,1984926
196.60,40,2,3,0,0,0,0,2,98,749701,7416242,3814766,1694979
196.80,47,1,23,0,0,0,0,2,98,709896,7451618,3620040,2128842
197.00,43,2,0,0,0,0,0,2,98,696282,7099917,3550619,1879215
197.20,46,2,31,0,0,0,0,2,98,785857,7974278,3987881,1888469
197.40,48,2,47,0,0,0,0,2,98,758794,7701353,3851393,2139066
197.60,47,2,6,0,0,0,0,2,98,814722,8271740,4136639,2067743
197.80,40,2,0,0,0,0,0,2,98,814722,8271740,4136639,2067743
198.00,46,2,37,0,0,0,0,2,98,1413802,14400547,7201613,3708887
198.20,44,2,0,0,0,0,0,2,98,773843,7821532,3911493,1852296
198.40,48,2,67,0,0,0,0,2,98,762076,7741107,3871273,2150107
198.60,40,1,11,0,0,0,0,2,98,690675,7030285,3515796,1654031
198.80,46,2,7,0,0,0,0,2,98,687511,6948943,3475118,1954208
199.00,46,2,32,0,0,0,0,2,98,774005,7823167,3912311,1955610
199.20,48,1,0,0,0,0,0,1,99,766854,7744759,4076890,2037905
199.40,47,2,35,0,0,0,0,2,98,758919,7741334,3656370,2150170
199.60,44,1,1,0,0,0,0,1,99,661261,6714884,3567887,1678565
199.80,44,2,23,0,0,0,0,2,98,730045,7385384,3476182,1954773
200.00,42,1,29,0,0,0,0,2,98,761741,7744149,3872795,1935857
200.20,47,2,22,0,0,0,0,2,98,830807,8397293,4199427,1889215
200.40,47,1,31,0,0,0,0,1,99,693603,7097734,3758265,2087375
200.60,44,1,39,0,0,0,0,2,98,791207,7879413,3834000,1916436
200.80,48,2,28,0,0,0,0,2,98,808533,8380633,4083632,2148680
201.00,45,2,31,0,0,0,0,2,98,766407,7578237,3892251,1843183
201.20,39,2,27,0,0,0,0,2,98,766407,7578237,3892251,1843183
201.40,42,2,29,0,0,0,0,2,98,1366935,14058241,6922268,3460168
201.60,46,2,27,0,0,0,0,2,98,715907,7235951,3618648,1915221
201.80,40,1,28,0,0,0,0,1,99,719564,7311420,3871412,1720174
202.00,45,2,29,0,0,0,0,2,98,748543,7629062,3603342,2118987
202.20,49,1,28,0,0,0,0,1,99,780399,7686283,3947735,1869458
202.40,48,1,26,0,0,0,0,2,98,800854,8094525,4048025,2129945
202.60,47,2,26,0,0,0,0,2,98,749672,7839700,3814618,2118641
202.80,46,2,26,0,0,0,0,2,98,746925,7549459,3775432,1887189
203.00,43,1,36,0,0,0,0,1,99,600782,6144375,3072759,1755373
203.20,45,2,25,0,0,0,0,2,98,830409,8220232,4216288,2107556
203.40,43,1,9,0,0,0,0,2,98,736477,7727503,3760025,1879488
203.60,43,1,61,0,0,0,0,1,99,674498,6817419,3409343,1917221
203.80,40,1,18,0,0,0,0,1,99,655749,6677683,3548121,1669266
204.00,45,2,0,0,0,0,0,2,98,807137,8170929,3871220,1935040
204.20,49,2,14,0,0,0,0,2,98,795336,8051421,4026459,2118598
204.40,47,2,10,0,0,0,0,2,98,713024,7238577,3619962,1915916
204.60,42,2,18,0,0,0,0,2,98,714531,7065468,3640453,1926761
204.80,36,1,29,0,0,0,0,1,99,565027,6171408,3086240,1439870
205.00,47,2,20,0,0,0,0,2,98,757928,7454125,3621298,2129546
205.20,45,2,20,0,0,0,0,2,98,807203,7994258,4105913,1944364
205.40,43,1,3,0,0,0,0,2,98,701203,7379975,3585236,1897537
205.60,43,2,22,0,0,0,0,2,98,727160,7171309,3694988,1738333
205.80,48,2,51,0,0,0,0,2,98,795456,8046288,4023902,2117252
206.00,39,1,0,0,0,0,0,2,98,661943,6958001,3374204,1686631
206.20,45,2,6,0,0,0,0,2,98,720758,7339741,3670553,2038627
206.40,39,1,27,0,0,0,0,1,99,637496,6698112,3457683,1512341
206.60,38,1,20,0,0,0,0,2,98,618329,6114424,2952389,1686575
206.80,48,1,29,0,0,0,0,2,98,754545,7742003,3871722,2150356
207.00,44,1,0,0,0,0,0,2,98,743202,7625625,3813521,1906229
207.20,46,1,11,0,0,0,0,1,99,781250,7805064,4008751,1898353
207.40,42,2,38,0,0,0,0,2,98,624833,6598145,3193245,1702589
207.60,49,2,41,0,0,0,0,2,98,851134,8602743,4302172,2150486
207.80,43,1,0,0,0,0,0,1,99,670346,6852133,3426704,1926983
208.00,40,1,10,0,0,0,0,1,99,723831,7202385,3704772,1646106
208.20,47,2,28,0,0,0,0,2,98,732198,7678941,3730465,2193779
208.40,39,1,29,0,0,0,0,1,99,643924,6582055,3291639,1645361
208.60,44,1,23,0,0,0,0,1,99,750563,7668883,4048160,1917043
208.80,47,2,29,0,0,0,0,2,98,809536,8214558,3891890,1945372
209.00,50,1,25,0,0,0,0,2,98,792397,8009066,4216023,2107453
209.20,40,1,28,0,0,0,0,1,99,650809,6614995,3101413,1653595
209.40,44,1,26,0,0,0,0,2,98,766466,7531794,3874204,1936562
209.60,44,1,23,0,0,0,0,2,98,773289,8033018,3908692,1953801
209.80,48,2,29,0,0,0,0,2,98,757872,7708545,3854989,2028376
210.00,44,2,26,0,0,0,0,2,98,679446,6919052,3460170,1945802
210.20,42,1,28,0,0,0,0,1,99,663783,6715374,3358311,1678687
210.40,44,1,22,0,0,0,0,2,98,762277,7704635,3853034,2139977
210.60,46,2,32,0,0,0,0,2,98,777157,7855031,3928246,1963575
210.80,45,2,31,0,0,0,0,2,98,777157,7855031,3928246,1963575
211.00,43,1,29,0,0,0,0,1,99,1497122,15070025,7645637,3712559
211.20,45,2,23,0,0,0,0,2,98,725636,7613757,3704679,2057581
211.40,47,1,27,0,0,0,0,1,99,766021,7742469,4087003,1935437
211.60,46,2,49,0,0,0,0,2,98,837829,8468269,4023235,2116870
211.80,37,1,0,0,0,0,0,1,99,628292,6420651,3210922,1498013
212.00,46,1,52,0,0,0,0,2,98,716992,7311088,3656224,1935108
212.20,40,1,25,0,0,0,0,2,98,720639,7308017,3654688,1826834
212.40,45,2,0,0,0,0,0,2,98,766939,7816554,3909004,1953957
212.60,46,1,26,0,0,0,0,2,98,735622,7478612,3740001,1869479
212.80,44,1,19,0,0,0,0,1,99,734920,7421555,3929728,1964346
213.00,41,2,7,0,0,0,0,2,98,752377,7455197,3621819,1703882
213.20,50,2,9,0,0,0,0,2,98,784853,8141557,3967147,2296129
213.40,39,2,4,0,0,0,0,2,98,784853,8141557,3967147,2296129
213.60,44,1,61,0,0,0,0,2,98,1347625,13783016,6892790,3549841
213.80,41,2,0,0,0,0,0,2,98,716029,7346814,3674090,1728501
214.00,51,1,17,0,0,0,0,2,98,856597,8561343,4385884,2296727
214.20,47,2,60,0,0,0,0,2,98,732148,7719368,3750115,1984801
214.40,38,1,2,0,0,0,0,2,98,656531,6648211,3324724,1661898
214.60,47,1,0,0,0,0,0,1,99,793313,8011979,4217556,1897397
214.80,44,2,47,0,0,0,0,2,98,721856,7386905,3476898,1955175
215.00,46,2,0,0,0,0,0,2,98,719977,7337915,3669640,2038120
215.20,33,2,47,0,0,0,0,2,98,568945,5763784,2882428,1551644
215.40,43,1,0,0,0,0,0,2,98,685130,7029770,3515539,1653910
215.60,44,1,37,0,0,0,0,1,99,706401,7454486,3834399,1916695
215.80,50,2,35,0,0,0,0,2,98,787891,7877763,3833188,2128922
216.00,45,1,0,0,0,0,0,1,99,710706,7272758,3637055,1924963
216.20,38,1,14,0,0,0,0,1,99,561725,5763573,2882323,1646582
216.40,46,1,24,0,0,0,0,2,98,754715,7743752,3872596,2150842
216.60,45,1,22,0,0,0,0,1,99,732964,7520579,3760989,1879970
216.80,47,1,28,0,0,0,0,2,98,783387,7977513,3989498,1994193
217.00,44,1,30,0,0,0,0,2,98,783387,7977513,3989498,1994193
217.20,47,2,26,0,0,0,0,2,98,1509508,15288019,7645431,3924937
217.40,46,2,28,0,0,0,0,2,98,809584,7967464,4092151,1937847
217.60,48,2,26,0,0,0,0,2,98,780793,8099436,3946622,2076590
217.80,42,2,29,0,0,0,0,2,98,780793,8099436,3946622,2076590
218.00,44,2,26,0,0,0,0,2,98,1443499,14407080,7312405,3655183
218.20,47,1,26,0,0,0,0,2,98,784859,8141615,3967175,2087405
218.40,43,1,31,0,0,0,0,2,98,723075,7308399,3654879,1719463
218.60,46,1,23,0,0,0,0,2,98,728696,7620227,3913808,2059335
218.80,43,1,29,0,0,0,0,2,98,669175,6601623,3194938,1703481
219.00,44,1,29,0,0,0,0,2,98,765832,7740562,3871001,1934961
219.20,46,2,23,0,0,0,0,2,98,781260,7896495,3948982,2077832
219.40,50,2,29,0,0,0,0,2,98,859441,8686706,4344161,2171475
219.60,44,1,28,0,0,0,0,2,98,664471,6747531,3374393,1686726
219.80,44,1,25,0,0,0,0,2,98,773511,7818174,3909814,1954362
220.00,44,1,42,0,0,0,0,1,99,692046,6994777,3498039,1851386
220.20,45,2,11,0,0,0,0,2,98,748906,7626384,3813901,2118243
220.40,40,2,9,0,0,0,0,2,98,634221,6455275,3228238,1721247
220.60,45,2,34,0,0,0,0,2,98,785974,8007029,4004259,1896225
220.80,47,2,0,0,0,0,0,2,98,774715,7862938,3932200,2183946
221.00,49,1,19,0,0,0,0,1,99,777186,7855318,3928389,1860297
221.20,43,3,32,0,0,0,0,3,97,666160,6783751,3392506,1907752
221.40,47,2,47,0,0,0,0,2,98,796234,8047852,4024675,2117659
221.60,45,2,0,0,0,0,0,2,98,750374,7590612,3796012,1897477
221.80,42,1,40,0,0,0,0,1,99,727882,7422140,3711760,1746224
222.00,46,1,0,0,0,0,0,2,98,733036,7409082,3705230,2057887
222.20,33,1,32,0,0,0,0,1,99,559273,5705124,3072500,1316445
222.40,49,1,26,0,0,0,0,2,98,805454,8270667,3929355,2274222
222.60,40,1,20,0,0,0,0,2,98,680961,6986999,3494150,1746587
222.80,43,1,15,0,0,0,0,2,98,711778,7303195,3652277,1825629
223.00,43,1,36,0,0,0,0,1,99,686928,7021628,3511467,1755244
223.20,42,2,18,0,0,0,0,2,98,695575,7030444,3515876,1860827
223.40,49,2,43,0,0,0,0,2,98,826525,8386940,4194250,1986196
223.60,45,1,12,0,0,0,0,2,98,737104,7512479,3756938,2086606
223.80,41,1,0,0,0,0,0,1,99,687362,6996563,3498932,1646097
224.00,42,1,44,0,0,0,0,2,98,599079,6113770,3057454,1746629
224.20,47,1,3,0,0,0,0,1,99,730141,7479025,3740208,2077314
224.40,40,2,34,0,0,0,0,2,98,720965,7312750,3657055,1720487
224.60,46,1,20,0,0,0,0,2,98,740095,7517827,3759613,2088091
224.80,43,2,0,0,0,0,0,3,97,653795,6614739,3307985,1763766
225.00,42,1,31,0,0,0,0,2,98,740329,7482798,3742095,1870526
225.20,45,2,25,0,0,0,0,2,98,776486,7860591,3931027,1861546
225.40,44,2,30,0,0,0,0,2,98,738163,7460904,3731146,1974762
225.60,44,1,27,0,0,0,0,2,98,739949,7478951,3740171,1869564
225.80,44,1,25,0,0,0,0,2,98,786644,8007513,4004501,1896340
226.00,51,2,29,0,0,0,0,2,98,782132,7944829,3973153,2206692
226.20,43,1,24,0,0,0,0,2,98,720871,7334766,3668065,1833521
226.40,46,1,31,0,0,0,0,1,99,758667,7745194,4088442,1936119
226.60,41,1,28,0,0,0,0,2,98,680856,6953009,3259890,1738091
226.80,47,2,27,0,0,0,0,2,98,741977,7549524,3775464,2096895
227.00,42,2,27,0,0,0,0,2,98,756035,7454017,3834197,1703612
227.20,46,2,25,0,0,0,0,2,98,750805,7799458,3795046,2107771
227.40,46,2,30,0,0,0,0,2,98,747566,7555941,3778673,1888810
227.60,46,2,28,0,0,0,0,2,98,804355,8129930,4065721,2139256
227.80,41,1,30,0,0,0,0,2,98,692134,7026511,3513909,1653143
228.00,47,2,58,0,0,0,0,2,98,758482,7666278,3833852,2129324
228.20,45,2,13,0,0,0,0,2,98,691518,7022185,3511746,1755383
228.40,47,2,20,0,0,0,0,2,98,823092,8350466,4176010,2087422
228.60,43,1,0,0,0,0,0,2,98,662569,6747182,3374218,1897468
228.80,44,1,12,0,0,0,0,2,98,703630,7136922,3569125,1889010
229.00,46,1,30,0,0,0,0,2,98,703630,7136922,3569125,1889010
229.20,42,1,16,0,0,0,0,2,98,1476100,14998504,7500647,3969823
229.40,47,2,12,0,0,0,0,2,98,788833,7973046,3987264,1888177
229.60,45,2,59,0,0,0,0,2,98,752723,7665254,3833340,2129039
229.80,46,2,0,0,0,0,0,2,98,755193,7664798,3833112,1916021
230.00,38,1,11,0,0,0,0,2,98,639347,6522963,3262088,1630589
230.20,45,1,15,0,0,0,0,1,99,748387,7665922,3833674,1916302
230.40,47,2,41,0,0,0,0,2,98,803313,8132172,4066842,1925862
230.60,50,1,29,0,0,0,0,1,99,723838,7387386,3911636,2172559
230.80,43,1,0,0,0,0,0,2,98,720330,7335438,3464658,1833689
231.00,45,1,12,0,0,0,0,2,98,773770,7820791,3911123,1955016
231.20,47,1,22,0,0,0,0,2,98,744077,7520675,3969925,2088882
231.40,44,2,20,0,0,0,0,2,98,763011,7776517,3672987,1943948
231.60,42,1,51,0,0,0,0,1,99,654101,6648455,3324846,1661959
231.80,44,1,0,0,0,0,0,1,99,727099,7638906,3929260,1964113
232.00,45,1,9,0,0,0,0,2,98,784948,7761583,3986409,1887772
232.20,44,1,18,0,0,0,0,1,99,679729,6954658,3260663,1955816
232.40,44,2,24,0,0,0,0,2,98,778934,7973183,3987333,1888210
232.60,48,1,43,0,0,0,0,2,98,703263,7202988,3602164,2118329
232.80,46,1,0,0,0,0,0,2,98,764527,7819491,3910472,1851812
233.00,48,2,30,0,0,0,0,2,98,789620,7980998,3991241,2216738
233.20,45,1,22,0,0,0,0,1,99,720540,7307006,3857136,1826582
233.40,43,1,28,0,0,0,0,1,99,683673,6949036,3258027,1737097
233.60,42,2,25,0,0,0,0,2,98,712624,7202769,3602054,1906438
233.80,44,1,27,0,0,0,0,1,99,748388,7589412,4006209,1897177
234.00,44,1,28,0,0,0,0,1,99,775477,8042315,3913256,1956062
234.20,45,2,30,0,0,0,0,2,98,687576,6757175,3276825,1842689
234.40,43,2,27,0,0,0,0,2,98,754611,7742684,3872062,1935491
234.60,49,1,23,0,0,0,0,2,98,798009,8091207,4046356,1916160
234.80,44,1,27,0,0,0,0,1,99,736406,7480349,3740870,2077682
235.00,50,1,31,0,0,0,0,1,99,808538,8172211,4086865,2150382
235.20,45,2,30,0,0,0,0,2,98,769769,7780355,3890901,1944908
235.40,48,1,30,0,0,0,0,1,99,789258,7971028,4196000,1887699
235.60,47,1,26,0,0,0,0,1,99,760708,7785632,3893540,2162474
235.80,44,2,28,0,0,0,0,2,98,751119,7661717,3618766,1915251
236.00,39,2,35,0,0,0,0,2,98,644106,6583911,3292568,1645825
236.20,42,1,16,0,0,0,0,1,99,723508,7423554,3712468,1746556
236.40,46,1,23,0,0,0,0,2,98,727108,7441649,3928210,2066933
236.60,44,2,33,0,0,0,0,2,98,750477,7668048,3621756,1916834
236.80,42,2,0,0,0,0,0,2,98,695508,7066987,3534151,1662666
237.00,45,2,22,0,0,0,0,2,98,804163,8127985,4064749,2138745
237.20,45,1,22,0,0,0,0,2,98,758110,7700814,3851123,1925025
237.40,47,2,2,0,0,0,0,2,98,792835,8057788,4029644,1908246
237.60,43,1,14,0,0,0,0,1,99,654534,6677911,3339577,1877988
237.80,49,1,46,0,0,0,0,2,98,821549,8422782,4212174,2216316
238.00,44,1,0,0,0,0,0,2,98,744577,7626891,3814155,1906545
238.20,42,2,40,0,0,0,0,2,98,700288,7134441,3567884,1678536
238.40,45,1,29,0,0,0,0,1,99,701570,7312340,3761332,1880141
238.60,40,1,24,0,0,0,0,1,99,615884,6084153,2937724,1888010
238.80,43,2,0,0,0,0,0,2,98,750696,7587580,3794496,1896719
239.00,41,2,38,0,0,0,0,2,98,693117,7058268,3529791,1764403
239.20,45,1,19,0,0,0,0,1,99,714013,7415944,3814623,1694915
239.40,44,2,4,0,0,0,0,2,98,756859,7449822,3619158,2128322
239.60,44,1,21,0,0,0,0,2,98,758275,7664186,3832806,1915868
239.80,43,1,41,0,0,0,0,1,99,745614,7345140,3778203,1678733
240.00,42,1,16,0,0,0,0,2,98,619960,6540112,3165159,1898565
240.20,43,2,0,0,0,0,0,2,98,750899,7589630,3795521,1897231
240.40,37,2,53,0,0,0,0,2,98,621567,6351926,3176554,1481978
240.60,46,1,29,0,0,0,0,1,99,743441,7628070,3814744,2118711
240.80,44,1,0,0,0,0,0,2,98,754406,7625074,3813246,1906091
241.00,45,2,25,0,0,0,0,2,98,774220,7825346,3913401,1956155
241.20,36,1,26,0,0,0,0,1,99,541120,5507244,2965932,1482582
241.40,44,1,29,0,0,0,0,2,98,729013,7480032,3532952,1869834
241.60,44,1,26,0,0,0,0,1,99,748662,7881636,4048070,1916981
241.80,49,2,28,0,0,0,0,2,98,871188,8638873,4214878,2106841
242.00,48,2,26,0,0,0,0,2,98,871188,8638873,4214878,2106841
242.20,40,1,27,0,0,0,0,1,99,1389781,14188202,7095420,3654197
242.40,47,1,34,0,0,0,0,2,98,730776,7485524,3743458,2079119
242.60,52,1,27,0,0,0,0,2,98,874950,8849748,4425697,2317575
242.80,40,1,24,0,0,0,0,2,98,709483,7171025,3586179,1687143
243.00,38,1,34,0,0,0,0,2,98,598853,6052841,3026983,1729222
243.20,43,1,23,0,0,0,0,2,98,726853,7346587,3673977,1728448
243.40,46,1,29,0,0,0,0,1,99,740066,7480138,3740764,2077623
243.60,42,1,22,0,0,0,0,2,98,726248,7385854,3693614,1737686
243.80,48,1,31,0,0,0,0,2,98,747950,7380439,3796350,2108495
244.00,45,2,19,0,0,0,0,2,98,727987,7574981,3685820,1842396
244.20,47,2,19,0,0,0,0,2,98,764064,7780745,3891096,2161117
244.40,44,2,43,0,0,0,0,2,98,744591,7588779,3795095,1897018
244.60,42,2,0,0,0,0,0,2,98,744591,7588779,3795095,1897018
244.80,43,2,13,0,0,0,0,2,98,1406059,14274233,7138444,3568226
245.00,47,1,51,0,0,0,0,2,98,744709,7552105,3776755,2097612
245.20,43,2,0,0,0,0,0,2,98,730567,7423223,3712302,1746478
245.40,47,1,39,0,0,0,0,2,98,736918,7479269,3948068,2077381
245.60,37,1,1,0,0,0,0,2,98,571568,5845651,2714615,1461277
245.80,44,1,13,0,0,0,0,2,98,770598,7821150,3911303,1955106
246.00,46,1,19,0,0,0,0,2,98,731710,7613621,3910415,2057549
246.20,44,1,26,0,0,0,0,1,99,746077,7417624,3603526,1907207
246.40,45,2,6,0,0,0,0,2,98,689919,6986313,3493806,1746416
246.60,46,2,34,0,0,0,0,2,98,792918,8014329,4007910,2108838
246.80,40,1,9,0,0,0,0,1,99,669984,6809842,3618342,1702302
247.00,46,1,49,0,0,0,0,1,99,799109,8348397,4067974,1926379
247.20,46,1,0,0,0,0,0,1,99,799109,8348397,4067974,1926379
247.40,41,1,53,0,0,0,0,2,98,1449229,14544198,7168049,3793781
247.60,51,2,0,0,0,0,0,2,98,776619,7936862,3969169,2088454
247.80,50,1,15,0,0,0,0,2,98,808848,8423436,4320504,2159660
248.00,44,1,14,0,0,0,0,2,98,693385,6893059,3342721,1879745
248.20,42,1,23,0,0,0,0,2,98,667579,6810999,3406133,1915415
248.40,45,1,17,0,0,0,0,2,98,760426,7705084,3853259,1926092
248.60,42,2,34,0,0,0,0,2,98,723341,7311088,3656224,1720096
248.80,46,1,0,0,0,0,0,2,98,704019,7344300,3777762,1888364
249.00,39,1,28,0,0,0,0,1,99,571744,5638679,2715434,1670558
249.20,46,1,29,0,0,0,0,2,98,807123,8170737,4086128,2149994
249.40,44,1,25,0,0,0,0,2,98,754843,7667636,3834531,1916731
249.60,46,2,33,0,0,0,0,2,98,761904,7700859,3851146,1925036
249.80,44,2,27,0,0,0,0,2,98,761904,7700859,3851146,1925036
250.00,39,1,27,0,0,0,0,2,98,1355118,13771428,6886995,3546856
250.20,45,1,26,0,0,0,0,2,98,739200,7504319,3752857,1765558
250.40,45,2,27,0,0,0,0,2,98,729847,7438515,3719949,2066062
250.60,43,1,25,0,0,0,0,2,98,722691,7349684,3675525,1729176
250.80,46,2,29,0,0,0,0,2,98,688693,6997741,3499521,2057968
251.00,49,1,29,0,0,0,0,1,99,858938,8470906,4344862,1954643
251.20,47,2,26,0,0,0,0,2,98,778439,7861830,3931637,2068705
251.40,46,1,30,0,0,0,0,2,98,811807,8211682,4106615,1944696
251.60,41,1,26,0,0,0,0,1,99,632528,6599754,3194023,1915879
251.80,45,2,29,0,0,0,0,2,98,780881,7892671,3947069,1869143
252.00,50,2,42,0,0,0,0,2,98,785480,7945738,3973608,2206944
252.20,45,2,4,0,0,0,0,2,98,778274,7891106,3946287,1868772
252.40,43,1,24,0,0,0,0,1,99,621415,6324874,3373834,1897286
252.60,49,2,39,0,0,0,0,2,98,840556,8559744,4066694,2139737
252.80,44,2,0,0,0,0,0,2,98,781209,7730714,3970555,1880264
253.00,46,2,50,0,0,0,0,2,98,762035,7916114,3851809,1925367
253.20,45,2,0,0,0,0,0,2,98,762035,7916114,3851809,1925367
253.40,42,1,60,0,0,0,0,2,98,1381468,14061780,7032198,3721890
253.60,47,2,4,0,0,0,0,2,98,799822,8128803,4065158,1925064
253.80,51,1,0,0,0,0,0,2,98,834228,8431868,4216718,2107771
254.00,43,1,38,0,0,0,0,2,98,674073,6883739,3442510,1935871
254.20,47,1,13,0,0,0,0,1,99,739868,7478135,3739763,2077067
254.40,40,2,41,0,0,0,0,2,98,719210,7061727,3638536,1711775
254.60,44,2,0,0,0,0,0,2,98,706775,7418880,3604126,1907535
254.80,45,1,50,0,0,0,0,2,98,773186,7814888,3908171,1953540
255.00,39,2,0,0,0,0,0,2,98,642750,6551516,3276367,1637727
255.20,49,2,8,0,0,0,0,2,98,771926,7900396,3950933,1974915
255.40,51,2,18,0,0,0,0,2,98,818293,8314232,4157889,2286201
255.60,37,1,32,0,0,0,0,1,99,650273,6615704,3515189,1653772
255.80,46,1,35,0,0,0,0,1,99,650273,6615704,3515189,1653772
256.00,40,1,0,0,0,0,0,1,99,1388674,14197934,6891514,3549153
256.20,42,1,49,0,0,0,0,2,98,722563,7604676,3911694,1738055
256.40,49,2,0,0,0,0,0,2,98,781728,7723750,3758209,2087301
256.60,46,2,11,0,0,0,0,2,98,779720,7728182,3969254,2088498
256.80,40,1,26,0,0,0,0,2,98,588066,6175817,2981993,1703521
257.00,45,1,27,0,0,0,0,2,98,781070,7894584,3948026,1973463
257.20,44,2,27,0,0,0,0,2,98,739902,7478474,3739933,1869445
257.40,49,2,25,0,0,0,0,2,98,839985,8689244,4451416,2119131
257.60,42,2,28,0,0,0,0,2,98,721293,7132413,3458783,1728909
257.80,47,1,23,0,0,0,0,2,98,784908,7933372,3967424,2087535
258.00,49,1,30,0,0,0,0,2,98,843179,8309304,4261964,1917349
258.20,46,2,26,0,0,0,0,2,98,765302,7950057,3868324,2148470
258.40,50,2,29,0,0,0,0,2,98,737835,7482395,3741893,2078250
258.60,48,1,28,0,0,0,0,1,99,766579,7741640,4086566,2150256
258.80,48,1,26,0,0,0,0,2,98,841251,8302724,4045728,1915835
259.00,41,1,28,0,0,0,0,2,98,694733,7311903,3552156,1880029
259.20,45,1,28,0,0,0,0,2,98,736737,7515013,3758205,1878579
259.40,45,1,29,0,0,0,0,2,98,758655,7668026,3834726,1916828
259.60,46,2,25,0,0,0,0,2,98,777069,7854143,3927802,1963353
259.80,47,2,28,0,0,0,0,2,98,729681,7375170,3688271,2048468
260.00,43,2,25,0,0,0,0,2,98,734294,7428320,3714851,1966137
260.20,46,1,60,0,0,0,0,2,98,769240,7775009,3888227,1841278
260.40,43,1,0,0,0,0,0,1,99,722711,7349879,3675623,1945375
260.60,49,1,9,0,0,0,0,1,99,790741,8011150,4217120,2108001
260.80,44,1,12,0,0,0,0,1,99,790741,8011150,4217120,2108001
261.00,46,2,24,0,0,0,0,2,98,1379550,14067174,6828044,3723317
261.20,47,2,13,0,0,0,0,2,98,808094,8167720,4084619,2149200
261.40,47,2,37,0,0,0,0,2,98,797401,8091419,4046462,1916210
261.60,44,2,4,0,0,0,0,2,98,685122,6950723,3476008,1954709
261.80,40,1,15,0,0,0,0,2,98,699966,7099755,3550538,1670375
262.00,43,1,24,0,0,0,0,2,98,702032,7095715,3548517,1878103
262.20,39,1,23,0,0,0,0,1,99,661499,6717305,3569174,1679170
262.40,40,2,21,0,0,0,0,2,98,720628,7348222,3458690,1728833
262.60,42,1,5,0,0,0,0,2,98,631837,6386219,3193704,1702833
262.80,47,2,25,0,0,0,0,2,98,838472,8262915,4238170,2118494
263.00,43,2,24,0,0,0,0,2,98,702313,7378554,3584545,1897171
263.20,41,1,45,0,0,0,0,1,99,675291,6883153,3657295,1720628
263.40,45,1,0,0,0,0,0,1,99,675291,6883153,3657295,1720628
263.60,42,1,15,0,0,0,0,2,98,1491830,15172892,7377142,3792870
263.80,45,2,24,0,0,0,0,2,98,759601,7703129,3852281,1925603
264.00,41,1,16,0,0,0,0,2,98,690637,7029899,3515603,1653940
264.20,48,2,9,0,0,0,0,2,98,779108,7900951,3951210,2194505
264.40,45,2,48,0,0,0,0,2,98,705831,7134105,3567716,1888264
264.60,47,2,10,0,0,0,0,2,98,773523,7818302,3909878,1954394
264.80,40,1,8,0,0,0,0,2,98,718114,7103748,3654036,1623563
265.00,48,2,27,0,0,0,0,2,98,759349,7739209,3870314,2149575
265.20,45,2,26,0,0,0,0,2,98,751015,7801633,3796105,1897523
265.40,41,1,33,0,0,0,0,1,99,680833,6881448,3441364,1720202
265.60,45,1,25,0,0,0,0,2,98,720552,7314949,3873280,1936130
265.80,45,1,30,0,0,0,0,2,98,732719,7474081,3530142,2075941
266.00,46,1,29,0,0,0,0,2,98,732719,7474081,3530142,2075941
266.20,43,2,29,0,0,0,0,2,98,1451194,14680302,7341516,3774584
266.40,47,2,30,0,0,0,0,2,98,808593,8172762,4087141,1935474
266.60,47,1,27,0,0,0,0,1,99,757933,7454105,3834253,1916592
266.80,47,1,28,0,0,0,0,1,99,757933,7454105,3834253,1916592
267.00,43,1,26,0,0,0,0,1,99,1461441,14975993,7383905,4007287
267.20,39,1,30,0,0,0,0,1,99,684919,6948665,3474979,1737005
267.40,45,2,27,0,0,0,0,2,98,769164,7823398,3912427,1852738
267.60,46,2,28,0,0,0,0,2,98,765770,7739938,3870689,1934805
267.80,39,1,40,0,0,0,0,2,98,647177,6378513,3292738,1645910
268.00,47,2,34,0,0,0,0,2,98,730649,7602142,3693166,2171844
268.20,45,2,0,0,0,0,0,2,98,792042,8011771,4006631,1897348
268.40,50,2,49,0,0,0,0,2,98,800462,8090585,4046045,2128903
268.60,46,2,0,0,0,0,0,2,98,727767,7388251,3694812,1955532
268.80,52,2,5,0,0,0,0,2,98,862966,8520711,4365078,2285832
269.00,45,2,34,0,0,0,0,2,98,728203,7647090,3720898,1859930
269.20,52,2,0,0,0,0,0,2,98,847265,8602150,4301875,2365371
269.40,38,1,63,0,0,0,0,2,98,591129,5993937,2997526,1498345
269.60,46,2,11,0,0,0,0,2,98,797195,8089329,4045417,2128573
269.80,40,1,22,0,0,0,0,2,98,711116,7025463,3619851,1702984
270.00,39,2,17,0,0,0,0,2,98,653184,6859475,3326424,1662748
270.20,47,2,0,0,0,0,0,2,98,653184,6859475,3326424,1662748
270.40,45,2,32,0,0,0,0,2,98,1388293,14131251,7066939,3740277
270.60,46,2,43,0,0,0,0,2,98,754400,7631344,3816382,2119621
270.80,41,1,0,0,0,0,0,1,99,696926,7093868,3756217,1668990
271.00,44,1,64,0,0,0,0,1,99,675738,7102930,3444535,1936988
271.20,35,1,0,0,0,0,0,2,98,585388,5773240,2780235,1496621
271.40,44,2,22,0,0,0,0,2,98,792825,8013396,4007443,1897733
271.60,49,2,55,0,0,0,0,2,98,789994,8009941,4005715,2107683
271.80,47,2,0,0,0,0,0,2,98,717730,7312139,3656749,1935386
272.00,40,2,55,0,0,0,0,2,98,717730,7312139,3656749,1935386
272.20,51,1,0,0,0,0,0,1,99,1437471,14818704,7515058,3965205
272.40,41,2,42,0,0,0,0,2,98,721022,7136018,3460582,1729778
272.60,47,2,2,0,0,0,0,2,98,733255,7442142,3721763,2067070
272.80,39,1,12,0,0,0,0,1,99,681464,6952669,3476981,1738006
273.00,40,1,26,0,0,0,0,2,98,630851,6388964,3195076,1703565
273.20,45,2,25,0,0,0,0,2,98,769450,7777135,3889291,1944103
273.40,45,1,30,0,0,0,0,1,99,740355,7483010,3950043,1870579
273.60,43,1,26,0,0,0,0,2,98,746874,7631234,3604368,1907631
273.80,45,2,26,0,0,0,0,2,98,666949,6741115,3371185,1685122
274.00,46,2,27,0,0,0,0,2,98,804359,8136362,4068938,2140949
274.20,47,1,26,0,0,0,0,1,99,777743,7854731,4134780,1860158
274.40,46,2,26,0,0,0,0,2,98,811521,8208860,3889191,2160025
274.60,40,1,23,0,0,0,0,1,99,665067,6753589,3377423,1688240
274.80,46,1,28,0,0,0,0,2,98,762370,7815721,3908587,1953749
275.00,47,1,31,0,0,0,0,2,98,800530,8304078,4259284,2129058
275.20,42,1,26,0,0,0,0,2,98,735970,7311006,3551730,1879793
275.40,44,1,29,0,0,0,0,2,98,751315,7625437,3813428,1694384
275.60,43,1,25,0,0,0,0,2,98,612428,6202388,3101771,1860543
275.80,45,2,29,0,0,0,0,2,98,749697,7577477,3789443,2005616
276.00,45,1,55,0,0,0,0,2,98,747342,7553682,3777544,1888245
276.20,42,1,8,0,0,0,0,2,98,800347,7876563,4045464,1915738
276.40,39,1,2,0,0,0,0,2,98,653005,6889949,3341212,1670140
276.60,44,1,56,0,0,0,0,2,98,715659,7239796,3620571,1916238
276.80,43,2,0,0,0,0,0,2,98,761682,7705006,3853219,1926072
277.00,43,1,5,0,0,0,0,1,99,728438,7199869,3703479,1645531
277.20,43,2,42,0,0,0,0,2,98,640962,6768464,3275673,1964855
277.40,48,2,18,0,0,0,0,2,98,788580,7976754,3989119,2098951
277.60,46,1,16,0,0,0,0,1,99,761135,7699422,4064280,1924676
277.80,43,1,43,0,0,0,0,2,98,748582,7841332,3815470,1907174
278.00,42,1,28,0,0,0,0,2,98,703770,6990055,3389748,1694401
278.20,45,1,0,0,0,0,0,2,98,716671,7275602,3638477,2139684
278.40,43,2,29,0,0,0,0,2,98,702317,7098593,3549957,1670102
278.60,45,2,24,0,0,0,0,2,98,769505,7823086,3912270,2172877
278.80,44,2,2,0,0,0,0,2,98,732812,7443842,3722613,1860787
279.00,51,2,32,0,0,0,0,2,98,800827,8094274,4047890,2129874
279.20,48,2,31,0,0,0,0,2,98,825684,8345513,4173533,2086184
279.40,42,2,12,0,0,0,0,2,98,719116,7313318,3657339,1720621
279.60,47,1,10,0,0,0,0,1,99,718346,7526884,3871679,1935309
279.80,48,2,11,0,0,0,0,2,98,849643,8395250,4096015,2252170
280.00,46,2,54,0,0,0,0,2,98,773739,7820479,3910967,1954938
280.20,42,2,0,0,0,0,0,2,98,658498,6680620,3340931,1670000
280.40,39,1,39,0,0,0,0,2,98,717716,7311999,3656680,1720310
280.60,44,2,1,0,0,0,0,2,98,644921,6518465,3259839,1955358
280.80,46,1,14,0,0,0,0,1,99,765880,7783793,4097438,1843358
281.00,47,2,25,0,0,0,0,2,98,787777,7968680,3775399,2096826
281.20,45,2,27,0,0,0,0,2,98,754804,7629095,3815257,1907096
281.40,46,2,23,0,0,0,0,2,98,754804,7629095,3815257,1907096
281.60,44,2,30,0,0,0,0,2,98,1504352,15255655,7629246,3813559
281.80,47,2,26,0,0,0,0,2,98,761676,7698558,3849995,1924460
282.00,45,2,29,0,0,0,0,2,98,728820,7446718,3724052,2068340
282.20,42,2,25,0,0,0,0,2,98,702061,7096001,3548660,1773835
282.40,42,2,28,0,0,0,0,2,98,696051,7066276,3533795,1870311
282.60,47,2,27,0,0,0,0,2,98,796291,8048422,4024959,2117809
282.80,46,2,27,0,0,0,0,2,98,761325,7701398,3851415,1925171
283.00,43,1,27,0,0,0,0,2,98,719167,7313844,3872695,1720744
283.20,48,1,29,0,0,0,0,2,98,766036,7742629,3668300,2037344
283.40,45,2,28,0,0,0,0,2,98,769831,7780986,3891217,1945066
283.60,47,2,26,0,0,0,0,2,98,737047,7511891,3756644,2086442
283.80,45,1,25,0,0,0,0,1,99,695684,7031495,3736115,1977424
284.00,40,2,32,0,0,0,0,2,98,693160,7030771,3309271,1654145
284.20,44,1,51,0,0,0,0,2,98,723355,7421985,3711683,1964461
284.40,39,2,8,0,0,0,0,2,98,689494,7061963,3531638,1661484
284.60,50,2,0,0,0,0,0,2,98,793290,8087967,4044736,2128214
284.80,46,2,28,0,0,0,0,2,98,724862,7352273,3676820,1946009
285.00,41,1,9,0,0,0,0,2,98,640931,6551461,3276340,1842427
285.20,47,1,59,0,0,0,0,1,99,808698,8079283,4149593,1965048
285.40,44,1,15,0,0,0,0,1,99,693765,7308145,3759115,1879063
285.60,41,1,0,0,0,0,0,2,98,704964,7239785,3407651,1703320
285.80,42,1,46,0,0,0,0,1,99,670853,6850853,3426064,1926623
286.00,47,2,1,0,0,0,0,2,98,784412,7928361,3964918,1877595
286.20,50,2,12,0,0,0,0,2,98,820900,8144417,4177401,2088118
286.40,46,1,51,0,0,0,0,2,98,718671,7563844,3674550,2160897
286.60,44,1,26,0,0,0,0,2,98,718671,7563844,3674550,2160897
286.80,43,2,1,0,0,0,0,2,98,1414764,14400692,7201685,3599838
287.00,47,2,12,0,0,0,0,2,98,743790,7549071,3775237,2096769
287.20,43,2,54,0,0,0,0,2,98,731723,7451405,3726396,1862678
287.40,47,2,0,0,0,0,0,2,98,808128,8168067,4084793,1934362
287.60,43,1,51,0,0,0,0,2,98,639040,6517374,3259293,1955030
287.80,44,1,20,0,0,0,0,1,99,702265,7098068,3549694,1669978
288.00,44,1,7,0,0,0,0,2,98,740446,7730191,3970286,2089052
288.20,48,2,5,0,0,0,0,2,98,818594,8113583,3947893,1973386
288.40,42,1,16,0,0,0,0,2,98,650213,6584234,3292729,1851644
288.60,47,2,54,0,0,0,0,2,98,820938,8297544,4149543,1965025
288.80,44,2,15,0,0,0,0,2,98,683653,6964972,3483133,1843497
289.00,47,2,0,0,0,0,0,2,98,772529,7821220,3911337,2172359
289.20,43,1,28,0,0,0,0,1,99,708541,7167788,3584561,1686382
289.40,45,2,26,0,0,0,0,2,98,747510,7624909,3813163,1906050
289.60,44,2,27,0,0,0,0,2,98,732278,7444619,3723002,2067757
289.80,41,1,26,0,0,0,0,2,98,684237,6915851,3458569,1728802
290.00,43,1,23,0,0,0,0,2,98,746800,7592260,3796836,1897888
290.20,45,1,33,0,0,0,0,1,99,708325,7171911,3797542,1898271
290.40,45,2,27,0,0,0,0,2,98,811539,7992987,3889254,1944054
290.60,46,2,27,0,0,0,0,2,98,758841,7876409,3832489,1915710
290.80,44,2,24,0,0,0,0,2,98,693040,7029502,3515405,1860578
291.00,43,1,28,0,0,0,0,1,99,637269,6486296,3243751,1945708
291.20,48,2,29,0,0,0,0,2,98,816831,8256026,4128781,1955193
291.40,44,2,25,0,0,0,0,2,98,781005,7893923,3947695,2077155
291.60,44,1,26,0,0,0,0,2,98,712675,7273511,3637432,1711255
291.80,43,1,24,0,0,0,0,1,99,687498,6967161,3484228,1844077
292.00,44,2,29,0,0,0,0,2,98,754663,7665800,3833613,1916272
292.20,46,2,34,0,0,0,0,2,98,731491,7419512,3710446,1963806
292.40,46,2,23,0,0,0,0,2,98,749755,7590656,3796034,2108319
292.60,46,1,29,0,0,0,0,1,99,746556,7589772,3795592,1897267
292.80,48,2,33,0,0,0,0,2,98,788925,7973970,3987727,2098218
293.00,42,1,0,0,0,0,0,2,98,719828,7346511,3673939,1728430
293.20,48,2,22,0,0,0,0,2,98,818729,8275217,4138378,2275473
293.40,44,1,22,0,0,0,0,1,99,680936,7164306,3691339,1736645
293.60,40,1,2,0,0,0,0,2,98,653621,6472460,3132467,1670152
293.80,46,2,64,0,0,0,0,2,98,732260,7499985,3750690,1985106
294.00,45,1,2,0,0,0,0,2,98,735861,7481049,3741220,2077876
294.20,50,2,12,0,0,0,0,2,98,859334,8685621,4343618,2067813
294.40,45,1,19,0,0,0,0,1,99,599808,6081946,3041539,1737537
294.60,44,1,0,0,0,0,0,2,98,743510,7514949,3758173,2087292
294.80,43,1,23,0,0,0,0,1,99,722554,7348232,3890904,1728835
295.00,46,2,23,0,0,0,0,2,98,720011,7348438,3458792,1944994
295.20,46,2,19,0,0,0,0,2,98,682040,7165511,3685758,2047104
295.40,48,2,31,0,0,0,0,2,98,822088,8122472,3952259,1975548
295.60,45,1,22,0,0,0,0,1,99,719920,7509647,3857013,2029451
